0 1 2 3 
4 5 6 7 6 8 9 10 
11 12 13 14 15 16 17 18 16 19 
20 21 22 23 24 
6 16 25 26 27 
28 29 30 31 6 32 33 
34 35 
28 36 22 37 
38 39 11 40 6 41 42 43 
44 45 44 2 46 47 48 2 49 50 51 32 52 30 53 
2 54 20 30 55 17 11 56 17 57 9 58 11 59 17 57 60 58 11 61 62 63 64 65 6 66 16 
2 54 67 68 69 17 67 70 69 71 72 73 74 2 75 76 6 77 
2 78 79 80 2 81 82 80 2 83 82 84 11 85 86 82 87 52 30 88 2 89 82 87 2 39 90 91 92 93 
23 94 25 67 95 96 97 53 44 63 6 56 32 98 99 100 
71 20 101 102 103 73 104 105 106 107 108 109 67 110 23 111 
2 112 
57 113 114 115 116 30 32 117 118 119 2 39 120 109 32 121 109 67 122 25 67 68 123 124 125 126 16 127 
100 39 128 30 129 130 131 132 36 133 57 133 134 132 135 32 119 
100 136 137 32 138 
72 80 11 139 140 141 142 17 4 136 143 144 
145 16 146 20 20 147 75 6 148 149 145 150 151 152 23 24 71 153 7 6 154 109 155 30 67 156 157 20 
20 114 158 159 160 161 17 162 163 
164 165 166 
167 29 30 168 169 170 17 171 172 
20 173 174 16 57 158 175 39 176 177 178 179 180 17 181 182 183 184 185 186 
20 83 25 67 187 188 189 17 158 88 58 32 190 191 192 193 
57 194 32 195 2 196 197 
198 199 73 11 85 34 2 200 6 201 202 2 203 6 204 105 67 205 157 182 
206 207 36 208 209 198 57 2 46 210 6 211 212 204 213 109 44 106 214 215 11 216 21 217 67 218 
23 219 
2 220 54 149 73 158 85 109 201 221 36 222 30 182 86 109 67 223 23 224 
225 226 227 30 55 84 228 229 20 25 70 71 64 230 231 48 38 149 221 232 233 234 217 57 206 109 235 
236 20 237 73 67 238 20 239 25 67 69 71 50 240 115 76 6 241 242 30 67 243 17 244 17 245 17 246 17 247 17 248 
249 114 6 250 158 159 10 251 
25 67 170 30 55 225 252 161 17 253 254 158 216 71 20 146 114 149 255 173 28 25 158 256 
161 58 257 17 258 17 254 58 259 17 258 17 260 261 73 262 263 264 265 20 86 
67 170 266 267 16 2 268 
2 46 269 270 57 271 251 
20 54 272 1 24 34 2 101 20 2 273 7 6 200 6 201 157 32 274 275 
67 170 276 213 277 17 20 148 32 278 
2 220 54 149 73 53 71 50 279 280 57 278 17 52 281 282 2 283 284 
285 286 109 67 287 157 100 
50 279 280 57 67 286 6 288 58 6 200 289 290 67 43 291 20 231 6 67 286 57 292 20 67 293 294 17 295 100 74 296 289 6 20 
34 2 297 144 298 299 153 300 301 302 290 303 104 304 305 2 77 306 82 303 
153 200 6 201 109 67 307 17 239 34 2 78 250 212 
23 112 44 308 309 
20 310 204 32 311 312 23 313 71 28 136 314 44 32 315 
316 16 6 317 67 318 20 319 57 20 77 16 
316 16 87 2 75 135 6 20 198 57 320 311 44 20 319 321 322 323 324 325 17 326 327 34 26 17 328 329 
2 330 11 331 17 332 30 333 44 23 51 115 57 334 335 109 336 91 23 337 48 17 2 338 6 339 67 340 44 32 341 342 
20 86 343 344 105 32 345 346 347 82 348 349 350 351 
20 86 352 353 354 32 355 356 
20 86 67 357 30 358 359 360 361 67 349 362 363 
20 86 364 105 32 365 366 229 67 367 368 17 67 369 370 371 67 372 105 67 373 
20 86 374 17 375 376 17 377 378 32 379 380 381 
17 28 32 42 382 229 383 384 109 158 385 386 109 67 387 30 32 388 389 
390 94 
391 157 57 334 138 272 20 392 16 393 135 32 394 395 396 82 106 397 157 32 398 399 
320 400 401 402 73 16 391 67 128 286 2 403 404 
131 58 32 405 406 407 408 2 409 390 410 411 51 402 109 134 391 87 23 412 
74 413 86 405 2 414 221 87 415 416 58 405 
20 417 23 418 
220 20 239 57 163 408 419 87 23 412 291 23 58 392 6 416 100 
20 


20 240 392 16 416 270 405 391 6 420 20 290 67 421 229 103 
217 23 51 422 2 13 157 32 423 424 
251 132 6 204 425 6 288 82 319 
426 427 134 39 136 109 428 149 30 32 429 157 16 6 288 67 430 286 17 431 390 432 17 361 197 433 434 67 435 17 436 197 437 438 17 316 197 57 2 39 439 2 51 440 197 



91 100 441 204 442 6 443 197 444 2 113 445 446 11 206 447 
448 11 12 49 103 73 449 109 67 170 11 445 450 109 67 307 217 2 51 115 451 6 452 32 453 454 455 109 6 67 188 109 456 6 457 206 238 84 101 304 6 54 17 458 272 459 39 67 68 69 
460 39 461 67 122 17 44 462 44 2 463 64 464 17 465 16 32 466 467 
2 468 100 229 67 469 470 471 17 295 472 6 473 
0 460 2 49 
72 87 2 474 
208 307 475 
459 64 24 
4 476 6 239 20 289 
20 101 386 32 477 478 20 220 140 11 102 36 479 20 101 109 38 480 93 
2 481 32 482 483 109 67 484 17 141 485 127 2 174 234 
2 486 487 198 
488 109 67 69 303 300 198 489 
32 490 30 491 101 492 157 20 92 493 441 204 494 
57 39 495 125 489 17 32 496 30 497 32 475 
498 497 56 39 84 230 115 38 91 
415 499 16 34 20 101 25 158 500 71 2 300 112 
234 501 500 2 49 
303 215 64 502 32 503 17 32 504 105 505 506 
507 158 508 475 
459 2 509 20 147 416 6 204 510 511 20 101 17 36 2 49 67 445 286 57 512 6 11 421 
28 90 487 460 2 513 234 
2 220 416 6 239 488 157 32 490 30 275 
198 295 514 135 20 6 316 16 87 515 38 480 93 
167 67 445 424 109 11 134 50 516 517 32 518 519 
520 489 67 69 521 522 
20 512 109 73 383 523 17 13 14 109 158 469 524 128 109 67 525 
20 49 103 73 120 51 526 25 67 70 69 489 17 51 32 490 30 527 17 528 38 
39 2 529 460 303 6 530 529 
20 147 531 100 17 217 32 424 20 532 6 533 135 20 39 534 48 
20 39 136 535 123 475 
536 475 
537 17 495 125 512 109 
57 441 204 32 538 217 539 523 489 
415 392 155 237 73 199 20 101 535 540 67 541 415 392 57 100 441 452 32 542 6 543 20 
295 489 2 409 20 51 155 52 30 32 119 
20 544 545 135 17 546 229 158 547 17 548 549 
36 495 125 64 49 550 551 78 552 229 57 5 105 17 532 17 553 20 378 67 554 291 20 126 127 
555 115 556 74 209 475 
459 557 20 558 559 123 20 126 127 73 560 17 80 101 20 
67 561 562 32 138 73 100 217 20 422 71 514 452 11 563 489 57 20 564 565 87 566 204 567 529 475 
459 
0 32 568 460 2 49 
72 32 569 483 11 140 
2 570 32 519 17 147 54 80 514 115 82 87 514 115 90 
46 20 211 16 114 155 571 4 32 138 572 30 573 
30 55 489 
199 149 276 20 148 32 490 30 574 276 288 2 174 234 34 20 114 57 149 
57 276 204 575 489 
34 249 300 576 32 577 135 67 59 578 579 153 301 100 322 67 442 
64 580 581 16 
582 583 39 103 2 584 585 303 288 291 2 51 586 6 587 272 459 588 
2 51 65 109 67 589 25 298 299 67 590 591 17 592 57 11 293 588 44 593 594 
595 39 596 597 378 11 598 17 57 11 159 599 600 39 67 35 601 2 585 602 
2 51 603 67 604 105 131 2 51 392 67 605 606 17 607 67 608 14 67 609 
128 30 11 610 109 31 6 67 68 51 115 6 239 34 2 611 301 571 378 584 612 32 613 
2 614 615 109 11 616 
251 39 136 32 259 617 30 571 422 
100 441 334 16 291 2 592 32 10 6 618 105 426 619 
240 140 217 74 2 174 460 
2 409 2 114 620 6 334 16 291 2 301 14 6 67 170 
34 488 621 157 16 20 622 623 16 221 480 17 220 54 80 2 404 
117 208 489 64 268 
153 452 26 624 57 231 157 20 489 17 303 211 105 50 625 331 105 20 
11 626 450 39 25 106 179 627 30 628 17 629 322 11 630 631 275 32 632 105 633 634 166 80 20 46 301 32 208 635 34 20 114 67 571 6 636 157 100 17 67 424 6 637 157 638 2 51 261 
2 509 57 639 30 426 85 441 204 623 640 109 67 632 17 2 147 416 6 7 526 25 67 70 69 80 514 114 6 576 67 641 456 82 67 642 
67 632 39 643 644 39 303 645 646 2 51 32 647 526 
100 39 32 538 217 128 523 123 2 648 67 70 69 
67 649 650 25 11 438 17 651 652 32 538 653 654 109 67 655 656 67 56 30 459 105 67 657 30 658 
2 659 11 660 17 661 17 662 540 67 663 361 67 664 665 15 67 641 
32 490 30 238 666 17 667 44 2 668 182 36 2 666 289 17 49 669 109 32 670 671 
109 67 672 2 592 32 121 17 32 673 30 67 674 36 2 338 6 675 127 229 67 676 
67 677 678 101 679 6 680 71 251 39 136 237 30 32 681 682 67 683 17 684 39 685 686 67 687 30 688 689 361 32 690 157 32 334 691 692 
67 110 693 39 208 
67 694 105 695 39 5 696 10 17 67 697 109 67 698 39 520 109 699 
67 340 700 701 702 703 30 704 705 6 706 707 378 708 709 71 44 106 179 340 710 
711 
712 
2 585 316 57 100 51 115 713 
514 280 73 67 714 322 155 30 696 715 84 51 623 182 483 716 17 2 51 163 717 57 415 101 90 32 718 105 67 719 720 
721 51 501 722 157 32 490 30 723 278 25 724 725 726 17 727 728 39 109 67 729 730 30 731 67 732 733 734 25 735 736 669 272 220 20 737 6 158 179 85 26 738 2 615 127 6 239 32 739 740 312 229 32 741 742 32 743 744 421 17 745 746 166 747 
748 749 2 49 17 750 6 751 67 752 
67 631 39 753 754 48 30 11 755 17 67 312 13 14 15 16 
756 141 6 114 32 237 64 49 
757 758 515 225 115 32 195 30 237 73 20 759 144 201 109 67 334 760 761 272 
639 30 67 762 139 85 551 54 51 67 763 6 316 20 
71 2 332 158 764 36 28 226 227 2 49 765 
28 109 766 767 265 2 332 20 101 272 64 3 
768 4 769 227 84 770 497 771 772 30 773 774 459 322 775 17 776 25 70 109 777 
198 34 249 300 778 48 30 158 779 780 17 781 6 16 157 262 782 91 20 452 483 157 158 626 783 249 784 103 6 158 785 
199 73 32 552 226 2 499 6 241 109 786 
303 91 262 36 145 16 17 555 787 788 483 789 790 20 791 9 
38 100 58 
225 32 792 5 67 793 57 67 794 
795 
2 
58 217 20 
25 26 27 25 796 128 430 797 502 115 685 109 798 799 105 158 800 
2 13 127 801 
9 39 428 149 62 157 802 
87 51 272 115 127 6 87 404 2 803 6 114 804 226 2 499 
805 229 67 806 807 174 808 105 11 809 810 811 812 6 813 67 814 815 816 57 2 39 817 67 455 6 398 818 819 190 820 821 157 11 822 82 87 227 615 823 
157 74 2 54 2 310 204 824 212 109 157 825 179 312 71 67 826 58 57 320 115 827 67 828 807 829 229 67 702 82 830 831 832 
2 833 289 109 11 121 17 553 229 834 
30 74 67 835 836 795 
837 
50 516 280 2 838 20 11 97 30 839 44 32 840 57 225 303 32 841 30 842 109 100 
227 615 843 844 
34 28 565 845 555 787 204 451 
846 20 622 106 847 17 249 148 32 848 
849 16 32 850 198 17 851 16 44 158 172 
163 9 207 32 852 
853 854 62 34 167 35 855 856 17 50 623 620 30 67 857 109 858 6 54 57 249 204 787 483 229 67 179 799 2 859 6 239 11 860 123 415 861 20 14 6 67 794 
795 
2 
862 6 863 32 274 864 
0 226 2 49 17 865 866 867 6 200 105 229 
34 67 868 86 386 157 16 514 787 200 14 6 11 170 17 239 57 306 86 869 91 415 434 127 67 870 30 696 871 
872 2 873 320 300 874 16 106 875 30 199 2 46 47 32 876 30 32 195 30 571 

