272 67 877 57 878 25 16 290 67 879 51 74 67 880 881 30 32 408 84 502 20 109 67 882 
768 883 2 884 651 229 32 885 332 157 11 159 42 333 886 109 887 229 32 718 109 67 712 
837 
837 
87 58 67 888 67 877 889 109 167 890 30 891 892 
87 105 893 515 6 20 50 115 894 157 20 221 539 523 
80 114 20 115 894 895 55 
109 696 632 
109 398 818 
272 758 882 303 32 647 896 6 204 109 62 34 100 39 35 116 30 32 897 109 802 
167 32 138 428 898 6 899 151 2 49 71 103 512 127 17 2 220 900 2 46 200 540 229 100 
109 901 2 54 2 78 200 540 229 100 
251 39 128 30 129 902 131 47 32 903 904 75 135 32 905 
103 512 127 67 877 198 32 906 907 908 909 
103 532 14 20 910 
20 239 272 50 115 545 6 158 85 
911 912 190 913 72 87 532 14 
25 67 68 69 
2 65 48 67 914 17 592 57 11 915 916 917 290 918 919 208 920 30 100 144 67 921 
922 536 174 16 74 73 100 
20 532 6 67 68 51 428 149 6 552 126 127 73 923 924 903 925 217 20 51 926 6 927 928 126 127 545 929 17 295 930 48 
198 2 250 28 289 109 298 299 17 931 11 932 
67 877 933 109 32 934 131 566 114 115 32 935 82 32 936 30 937 938 
2 939 67 179 877 30 940 44 941 25 942 361 67 943 944 945 30 774 459 
151 2 946 300 450 548 32 947 30 948 
4 439 2 949 20 127 71 306 114 115 950 
2 300 78 200 540 229 100 
153 899 123 2 239 20 
555 787 17 67 951 30 67 952 422 11 953 954 
123 2 464 144 11 12 39 955 229 32 956 109 197 957 131 39 958 322 959 
960 272 23 961 
555 787 297 6 158 170 962 17 303 200 963 127 964 965 413 109 966 
20 622 141 32 40 
2 967 11 968 17 969 109 57 970 971 972 131 973 16 2 974 105 32 975 965 976 157 67 977 
1 2 313 
2 220 148 6 316 20 57 4 106 978 979 
198 57 756 141 67 980 483 2 981 555 316 16 87 20 565 900 30 16 17 151 
982 
459 983 984 743 
2 240 985 157 986 987 212 23 49 
123 23 39 25 988 989 551 567 197 990 157 572 71 303 157 423 
251 240 39 32 286 109 991 127 6 17 992 993 57 23 273 994 67 995 157 
123 23 965 996 152 100 39 32 997 998 6 197 999 
23 51 163 85 
32 117 1000 1001 157 74 57 100 1002 204 1003 109 1004 30 381 2 24 
17 198 87 288 20 900 30 16 23 481 32 423 1005 30 197 552 17 833 1006 
28 1007 1008 17 1009 272 1010 1011 17 1012 23 544 17 20 54 100 
34 20 564 36 1013 178 1014 2 220 54 
225 103 73 20 1015 217 20 819 16 322 11 1016 2 1017 6 1018 212 17 295 2 1019 20 127 
225 163 133 1020 109 20 272 167 303 898 6 135 20 71 20 240 101 1021 1022 119 
87 20 319 58 1023 105 67 1024 2 224 
71 215 101 105 67 318 2 273 530 996 152 67 863 6 32 1025 1026 
57 1027 1028 1029 229 67 1030 1031 1032 17 67 1008 433 1033 1034 16 14 
64 502 35 539 1035 109 67 287 17 74 30 182 1036 229 2 
217 67 445 1037 1038 555 114 425 109 1039 71 158 1040 17 1041 416 6 301 1042 229 1043 32 1044 
1 1045 
20 1046 57 64 1047 502 100 23 49 
72 199 2 39 445 1048 6 234 1049 67 1050 254 
2 39 1051 44 32 61 17 64 1052 11 699 17 174 16 2 39 104 117 1053 
17 1054 67 876 30 32 850 6 16 2 873 
520 23 499 217 32 1055 
87 288 20 565 900 30 16 2 900 1 57 28 1056 1057 17 1058 
74 539 86 11 1059 71 415 86 1060 20 6 47 32 947 30 948 
1061 502 65 6 1062 1063 58 1064 157 26 1065 30 1066 324 173 20 301 182 545 73 1067 30 74 158 1068 
20 148 87 762 413 1069 32 500 



34 9 58 32 1070 157 1071 67 863 58 163 23 1072 1073 
1074 100 2 1075 
4 1076 20 67 842 303 548 32 1077 25 20 
551 46 237 155 738 73 20 109 67 307 
109 67 1078 2 900 153 1079 109 
4 117 534 32 538 529 17 50 51 32 1080 482 
23 1081 16 32 1082 21 
200 105 127 272 23 49 
153 973 1083 306 1042 
249 148 158 1084 157 67 307 34 2 54 151 152 
1085 378 1086 17 67 1087 30 1088 1089 2 592 87 39 403 67 1090 1091 32 1092 1093 30 1094 30 1095 17 1096 449 992 128 1097 17 74 67 1098 157 548 533 44 1099 44 1060 106 399 
2 39 1100 109 67 307 378 32 699 105 11 554 
100 39 1101 
555 787 301 127 17 973 105 158 1102 17 1103 1104 23 24 1105 
1106 
152 58 1107 17 982 
152 58 545 229 982 
459 109 197 433 
1108 1109 153 319 1110 239 38 23 544 
1111 14 1112 2 1113 
23 1114 105 67 1115 30 67 1116 17 615 25 16 1117 
322 198 105 1112 2 313 306 86 5 6 204 22 144 38 
2 146 1118 6 87 58 371 557 28 179 620 6 54 87 28 90 17 36 404 2 
34 20 416 6 8 105 17 565 145 16 540 32 898 424 153 1119 158 1120 
34 555 406 1121 2 273 1122 1123 636 20 1124 1125 1120 109 1126 17 20 46 1127 48 
71 2 78 204 1128 73 20 17 158 1129 123 2 114 32 1130 1131 6 1132 127 38 
276 20 200 82 8 67 503 332 157 32 977 295 1133 1134 197 1135 17 292 16 67 445 1136 1137 2 51 1138 221 11 1139 322 67 1140 
153 8 475 
459 23 49 
17 865 32 467 2 465 157 20 
787 552 100 91 20 239 67 1141 
1142 17 2 1143 100 17 100 1144 167 1145 276 1146 16 
198 153 200 17 1018 1106 
152 34 249 1147 16 11 1148 17 0 1106 
152 39 1149 229 1150 1151 127 17 14 11 1152 
64 615 743 738 1153 265 67 482 91 17 132 6 204 109 1154 1155 1156 
2 1157 25 67 1158 1159 11 1160 190 1161 1103 1104 17 1162 11 293 1163 6 1164 234 1165 48 30 67 59 157 120 231 1166 11 1167 
239 38 459 64 49 1168 
101 261 238 30 67 287 2 1169 
306 78 200 105 135 9 
2 39 127 74 335 229 151 
28 303 1170 25 74 520 20 54 179 312 
2 13 14 109 67 525 30 67 1171 672 17 615 127 25 1172 1173 131 292 16 32 1174 785 30 1175 109 1176 229 67 1177 1178 
1179 303 1180 1181 996 2 49 
1182 20 300 1183 1184 87 20 900 551 1002 288 
390 1021 16 17 137 303 1185 20 152 1186 1187 
20 1185 151 17 23 1021 20 
639 30 1188 981 32 1189 
1190 100 74 272 101 1191 
1083 306 1192 20 54 17 551 566 300 44 520 438 182 
551 268 57 67 923 30 1188 1002 288 44 551 1193 17 163 898 1129 
2 410 
996 2 49 
87 20 319 39 1194 44 30 92 1195 71 34 1083 306 46 1192 415 46 1196 1197 
1198 20 17 11 12 1199 6 288 58 158 159 1200 71 4 1201 34 2 1202 6 1203 197 6 1204 11 500 44 32 632 30 1205 17 4 1201 34 153 211 197 1206 67 318 30 1207 
36 958 44 151 58 1208 305 82 303 23 58 109 1185 229 16 4 163 1209 109 1185 229 197 17 4 1201 34 153 1210 1211 6 1212 67 1129 30 32 986 1213 84 1214 67 995 157 270 109 1215 127 6 17 992 1216 1217 
2 78 1203 20 6 237 57 10 73 11 12 459 
167 1218 1219 1220 17 1221 551 261 54 57 1222 86 67 10 184 1223 47 182 17 425 46 204 804 73 100 
38 114 32 552 2 1224 
9 58 74 1049 67 1225 30 32 1226 
4 303 1227 229 20 
4 1228 20 
2 220 1185 151 17 2 220 1229 2 516 1230 
34 20 981 6 1231 48 30 158 1232 72 158 1200 
17 167 1233 428 516 221 57 335 25 67 223 746 1234 64 49 
220 1046 57 2 581 20 152 2 3 
44 32 1235 312 20 114 1236 623 958 766 265 57 
20 78 1237 16 157 1238 30 1239 557 74 298 299 58 1240 30 1241 1223 17 557 100 273 145 158 1032 
157 67 278 4 1242 6 781 6 270 44 32 10 48 30 9 1243 
64 1244 109 497 350 1149 
67 923 30 1188 276 114 6 237 100 290 64 49 44 462 44 2 114 57 552 20 1245 16 
1142 2 268 
67 449 86 109 1246 433 
1247 20 54 67 10 787 265 2 288 
153 431 158 1248 
390 39 1249 127 109 32 1250 1251 1116 1252 32 1253 30 1254 1255 1256 
2 1257 51 424 6 1258 57 23 39 1259 32 406 1260 335 1104 123 2 464 6 1261 67 1262 109 67 1220 30 262 1263 1124 30 1264 1265 17 1266 
198 272 23 946 
758 74 9 1267 2 581 32 1268 1269 30 1270 1271 25 11 1272 1273 17 614 1274 11 331 322 67 1275 
151 2 3 225 425 882 
425 25 74 
100 39 300 57 92 2 1276 57 2 611 200 540 229 100 
2 220 1277 6 204 1278 71 2 146 200 109 157 1279 25 11 323 
167 1280 
87 982 
1141 1281 1282 1283 109 1284 
35 9 151 
1198 2 114 115 109 67 371 4 5 6 7 6 204 22 109 67 1285 
2 54 167 898 105 20 71 67 1213 112 135 1286 1287 6 67 1288 
425 6 87 32 1289 30 1290 1291 441 204 6 20 272 883 
220 1046 2 114 158 1004 
198 101 1292 1293 2 24 
199 149 272 11 12 1294 
167 1295 30 55 167 1295 2 268 17 251 86 1296 123 167 1297 6 636 265 6 1298 
9 58 303 128 30 182 
151 4 303 1299 109 1300 289 129 1004 
1301 182 157 32 1302 482 
4 5 6 1303 229 158 1068 
199 73 100 996 20 1304 982 
152 39 5 745 1305 109 67 1306 
288 20 900 57 20 46 89 32 1307 1308 16 17 11 1068 163 11 12 502 1047 804 57 157 16 
64 1021 197 17 64 1309 16 57 23 1021 234 
50 174 234 57 260 1310 6 32 1189 71 2 146 114 11 59 1311 157 26 1312 17 146 114 1222 1207 73 390 
415 46 47 127 184 1313 87 415 416 6 288 73 100 
20 101 102 1107 459 67 1028 614 1314 57 20 441 781 6 26 1315 1316 
577 758 158 1317 2 416 48 49 1106 
152 
1318 16 67 1319 30 32 263 1320 1321 441 1322 638 153 301 109 32 1323 17 452 32 420 25 67 1324 1235 1325 
1326 115 217 16 157 32 490 30 263 
804 2 49 17 34 20 135 153 114 67 83 1327 100 48 6 151 215 28 501 36 23 146 1204 100 127 428 1328 
87 73 16 499 11 12 
2 332 996 49 64 1329 16 
758 158 1317 2 499 
390 1330 17 67 554 1331 30 197 1104 1332 1333 
221 1061 1334 6 416 16 23 1335 4 5 6 297 144 17 239 67 1336 
2 273 988 67 1337 30 272 459 1338 6 1248 32 311 134 157 74 67 1339 109 67 1235 1325 
16 428 1340 48 982 
152 
225 103 1341 823 5 105 38 17 4 5 6 8 291 2 784 74 67 1342 
251 39 32 1343 25 67 433 435 17 1344 1345 1346 383 1347 625 1348 1349 105 32 1350 1351 1352 
2 332 20 441 406 114 158 1348 432 229 67 1353 1354 23 24 1355 109 32 958 428 1356 1357 1033 
1348 58 894 157 1106 
17 982 
152 109 67 641 23 873 
17 44 23 1358 290 67 1359 17 544 6 1360 48 67 1348 306 67 503 51 67 1361 6 849 16 32 1362 

