32 1341 1363 1364 1365 67 435 30 1366 1367 229 32 1368 30 67 1369 57 39 1370 105 298 299 
748 167 20 23 24 1105 
1371 2 316 982 
459 20 86 38 17 757 303 2 499 
23 615 25 16 1372 
757 303 489 23 113 114 1373 6 1374 106 352 9 307 
72 757 
80 1371 2 1375 11 660 17 661 1112 2 499 1376 929 25 197 56 
1031 1377 101 1378 1112 44 1379 44 303 
67 56 58 1344 475 
459 23 3 17 1230 303 1380 6 1381 67 44 520 20 54 23 1382 
322 198 105 1344 20 1371 204 1112 36 958 44 2 404 1208 
17 80 1112 1371 2 1383 11 660 17 661 109 67 1152 489 30 55 
231 153 1318 32 699 
320 115 1384 1385 
67 503 1386 645 1387 6 16 109 181 16 483 229 11 306 17 100 39 35 378 32 1388 471 30 276 57 2 1389 322 1390 57 1391 1369 67 1392 100 36 1393 1394 
9 10 475 
459 23 49 1395 36 2 1396 197 229 32 1397 1398 131 1399 67 1400 1401 240 46 316 123 20 276 148 32 496 1402 1403 17 100 39 430 57 272 67 61 51 115 1404 229 197 1022 1405 34 303 197 1239 
57 29 30 286 113 450 34 2 39 5 6 301 1406 109 11 213 540 67 1407 
428 1408 32 317 109 67 1409 17 1410 30 774 459 1411 566 1412 1413 
26 693 1414 1112 2 499 
425 489 
67 1415 1416 6 319 57 60 51 392 32 1417 1418 17 585 231 500 202 
2 51 182 1419 97 6 67 69 6 316 20 
17 982 
459 44 2 49 1420 6 1374 197 352 
2 615 25 197 
9 39 32 1421 
2 1422 988 100 
17 67 1028 147 241 1042 2 499 
234 2 1002 319 303 982 
459 974 645 1423 209 217 526 17 1424 1106 
152 6 231 290 
1425 229 197 198 432 1390 197 106 1426 
23 1427 197 331 1428 109 67 1429 30 67 1430 792 
637 32 274 782 790 2 675 11 1431 17 301 11 1432 1112 2 49 17 295 316 982 
459 1433 1434 34 20 54 87 2 910 57 2 114 750 17 404 894 109 11 2 1435 1436 25 67 1437 
109 158 1152 489 23 268 
67 56 58 1344 
67 1152 39 128 30 129 306 2 114 240 1438 1247 557 2 240 1017 6 
251 39 32 1439 1440 290 131 67 1441 421 30 32 1254 1442 1443 229 923 1444 1445 32 1446 109 32 1447 1448 1052 383 520 1449 1450 
67 1451 101 1452 229 1453 127 6 32 1454 109 1455 229 1456 1457 17 1458 1459 1460 1461 1462 1463 1464 1465 1466 1467 17 1468 1469 1470 1471 1472 17 1473 1474 
105 67 1359 15 32 1475 17 1476 1477 39 32 1478 1479 30 1480 1481 
1482 67 1483 67 1451 101 1484 229 1094 30 1095 1095 1485 1095 1486 1095 1487 1095 1488 17 1095 1489 640 
100 39 44 63 426 1490 82 860 51 1491 234 20 78 200 882 105 1095 179 1492 1493 64 51 501 559 
109 128 525 30 67 1152 11 1494 340 957 1495 32 1254 1496 122 229 1497 1498 1499 17 1500 
1501 1502 39 1396 378 67 1503 30 32 117 259 1504 
6 11 1505 67 1476 1506 1507 35 1508 1509 1510 1511 1512 2 404 32 1513 157 1514 
136 26 1476 58 787 265 163 1476 
32 538 1515 144 67 1440 1516 67 1517 131 464 105 106 1518 381 1519 1520 6 1521 106 1522 1523 1524 875 30 1525 1526 
67 903 1527 39 117 1528 109 67 201 17 484 1529 1530 1531 2 51 1532 14 1433 1533 105 67 1534 1171 1535 109 1536 30 9 1537 1538 123 2 39 1314 378 106 891 1539 877 
2 319 459 1540 67 877 
2 332 551 51 268 6 204 1191 73 9 286 
2 1541 11 421 6 239 32 739 1363 1542 538 312 229 32 1543 538 1544 1545 1546 17 32 1547 1548 30 1549 1550 25 16 322 67 1551 
1106 
152 2 1552 2 24 
768 272 512 32 647 71 1553 1554 877 322 1293 461 67 1028 17 2 428 441 135 6 54 87 9 1555 
58 57 20 1 2 1157 
30 55 167 16 84 1556 1230 20 1557 128 30 129 1558 775 322 158 170 1559 1560 67 1028 1561 
87 73 151 87 114 20 804 229 197 9 1562 1563 332 
67 968 30 527 39 32 208 847 157 53 
6 1564 288 20 1118 2 499 1565 32 1174 1566 361 11 877 
6 151 11 12 64 1072 
551 1567 39 1568 1308 67 923 30 1188 2 553 11 421 1569 
2 622 625 331 105 197 74 482 2 49 
2 220 54 80 23 58 17 2 1570 6 204 1052 1571 157 197 109 26 1572 
1573 158 205 303 628 
757 20 67 1028 770 1006 1574 16 229 497 1150 538 1575 
637 32 1576 996 67 907 877 1113 
211 16 269 9 390 459 1577 1006 361 67 1437 17 949 109 67 1578 1579 30 67 1518 1526 
316 16 272 23 499 502 270 501 882 11 12 39 32 1580 1581 503 229 257 331 257 1582 1583 1584 109 67 1585 1586 17 32 349 1587 1588 
23 39 1259 103 1589 109 190 1590 229 32 1591 1592 1593 25 67 1594 30 32 1595 131 1224 32 1596 1597 1598 
2 1599 57 23 51 891 331 32 1600 1281 17 32 1601 1602 
4 439 1 2 3 217 32 208 21 25 197 71 2 114 338 57 2 584 611 200 540 229 100 
288 20 910 6 319 1106 
152 544 35 6 204 1603 378 390 
211 16 269 234 996 23 1604 
555 787 200 
1425 529 
153 1605 20 109 67 307 
74 209 34 20 319 36 883 67 1028 1606 
17 204 304 6 1419 16 32 850 157 9 530 2 873 
1607 1608 17 1609 
17 220 231 289 6 11 59 1166 11 1610 1167 
1106 
152 1611 32 1612 1613 17 1614 361 67 1615 30 67 1616 
11 12 1617 234 17 2 585 791 32 1618 30 1619 17 1620 1621 1622 234 105 497 10 
2 51 1623 11 527 17 1624 212 1625 91 11 12 1626 16 
114 32 552 2 499 
163 1627 20 23 1072 
1628 25 16 87 288 20 900 197 671 39 349 620 6 1629 1630 
20 114 1631 209 6 204 57 863 2 51 592 378 1632 39 1633 
87 288 20 910 23 499 109 155 1634 
768 0 2 276 114 32 552 217 74 
20 239 272 217 551 51 558 100 74 290 67 762 335 217 67 746 1635 1636 17 1276 199 551 974 73 100 74 67 923 30 1188 338 6 1637 73 306 
17 198 2 220 486 1191 73 11 12 2 49 1638 197 32 1639 128 
197 331 1640 17 197 1641 39 1642 229 1643 
109 1644 30 197 1645 23 1646 6 67 875 30 1647 1648 1649 157 197 1650 
2 147 900 20 985 32 1651 23 49 25 334 17 167 1341 453 109 67 482 6 47 32 317 198 
217 74 251 58 151 
57 39 67 1421 6 1652 67 1653 
6 876 229 151 2 313 
514 406 1654 229 20 44 158 496 265 533 229 1655 152 109 1656 1321 1657 
2 78 145 100 2 873 1658 
23 833 1006 17 1659 
20 114 115 1384 622 20 23 24 
30 55 2 114 1414 109 201 2 1660 1276 87 32 1651 947 514 115 6 1164 1042 103 565 487 157 103 117 1661 
36 2 1143 
428 149 
17 67 738 2 1143 67 738 2 509 57 2 39 209 17 57 100 39 38 80 2 1662 229 20 
34 20 220 416 16 6 8 153 200 290 6 67 484 69 157 67 335 
153 62 1605 996 152 157 1663 17 497 1664 4 1201 34 153 200 759 289 6 151 
1573 303 1665 1666 2 90 2 873 1667 157 67 1668 30 67 1353 30 1669 
520 23 49 217 32 423 1055 
1670 36 465 1671 555 787 200 6 1116 38 17 551 46 237 100 290 109 67 307 
74 30 1188 
2 553 11 421 
2 220 416 6 1672 26 738 1673 105 67 1183 30 696 1674 1239 
34 20 416 57 1539 1675 28 1310 6 234 71 4 1201 34 153 204 32 208 1676 73 100 
34 20 1677 153 1678 20 32 1189 71 2 146 1679 1680 729 1681 438 94 
23 667 
520 239 199 306 21 6 20 109 67 307 23 49 
198 39 67 424 6 1210 67 1682 1683 
748 768 2 49 
2 1399 500 32 1684 157 20 
2 337 290 6 67 1685 109 67 525 17 1686 67 1687 1688 322 11 1689 1690 
38 20 86 1 459 2 49 229 74 11 139 1185 
139 58 209 71 23 1691 1692 25 67 1693 17 1694 1695 48 67 1696 1593 
757 272 167 1697 23 544 295 1698 105 16 197 331 1699 
58 9 32 1700 23 1701 
30 55 303 758 67 888 197 309 39 559 
748 425 272 
425 25 74 
167 300 57 20 1002 114 338 6 838 1702 197 1703 1593 229 197 1704 109 1271 
239 182 1594 
1705 
711 
36 72 67 675 2 332 
2 1002 114 1157 251 441 204 103 882 229 67 1706 17 2 1707 212 157 303 120 510 6 1708 48 67 1275 
220 20 239 87 2 910 2 1709 82 113 2 1710 100 48 157 20 155 424 289 123 551 101 1711 74 9 1191 1712 30 1713 17 308 2 973 109 67 456 25 1714 157 1241 932 1684 
1414 123 2 1691 100 127 67 1715 1716 25 1717 419 158 1704 220 1036 229 1718 2 1660 509 2 611 200 1719 229 67 903 206 
36 2 1399 67 1593 289 6 20 44 32 1720 34 20 416 100 
20 46 288 87 20 135 73 100 
167 1233 
20 239 1 2 873 72 67 10 306 86 
4 1721 74 11 1722 
748 23 49 
295 217 32 423 1055 23 873 1723 2 220 900 23 24 217 1625 1055 57 153 416 6 241 9 17 4 958 428 1724 30 151 152 6 1725 197 
2 900 153 300 452 9 289 6 1714 17 301 103 1556 
36 2 51 1726 1727 
865 103 1556 6 204 5 105 229 2 174 197 
2 141 9 157 20 1221 1728 1729 82 1730 2 1731 67 1732 1733 
2 332 100 441 200 229 57 1734 17 158 1592 1735 20 136 416 6 1736 1737 1738 1739 
23 1740 1741 1742 322 1743 6 1743 135 32 1744 57 1745 32 1746 
167 208 23 410 
272 167 36 208 
2 409 



251 39 32 1747 25 67 435 
100 39 1748 
276 67 1353 204 1749 157 1750 982 
459 23 499 
30 55 2 276 1112 2 49 
58 251 620 6 1374 153 239 489 23 3 109 32 1033 131 39 1751 106 1752 6 1188 261 
17 241 32 1753 1754 109 158 421 2 873 
23 1755 100 289 6 16 
17 241 158 755 6 948 489 23 49 44 23 330 67 435 
272 
100 39 1246 699 1756 16 44 2 770 127 
211 197 200 2 49 25 334 
167 11 1059 2 409 
2 622 115 1757 17 2 1230 47 32 274 1758 
322 198 105 153 7 6 204 32 138 738 1759 17 1760 
1761 419 2 114 713 6 204 1762 30 71 425 1763 


2 1169 
36 288 2 11 12 544 
34 20 



67 1764 1765 
23 1691 127 67 952 17 1766 157 32 977 1767 
768 1425 38 23 49 885 16 67 1768 
167 157 20 23 961 
167 151 1769 322 398 818 17 23 1770 1433 1771 

