459 161 254 1772 1773 1774 105 128 30 67 1775 1776 30 163 
164 165 166 
67 1777 101 1778 1779 109 257 380 17 1780 1781 109 32 1586 1782 6 1783 1784 180 30 997 1785 57 67 1786 39 451 17 1787 
67 503 25 67 1788 256 615 44 63 23 51 1789 229 839 322 1790 109 67 1791 30 1792 17 136 51 1793 17 1794 23 39 1795 1796 109 197 1797 
748 475 
459 23 1798 109 32 1127 1799 877 225 32 1800 894 6 239 20 109 67 1801 1437 32 475 
498 
1425 115 38 221 1656 523 9 307 
1425 51 163 526 2 1802 
23 553 197 421 
2 1803 11 1754 
551 78 114 696 1801 1804 6 1805 46 551 1419 48 157 32 69 1806 17 155 375 376 
838 16 262 782 6 452 32 21 25 11 1807 17 295 1419 234 109 
123 67 1808 1809 1419 57 109 428 
2 1132 1420 
23 1810 197 1811 331 461 197 1812 6 531 57 23 1568 17 2 337 1813 14 6 67 1814 30 67 1815 6 80 32 475 
459 1816 25 16 1817 322 32 1818 435 
11 170 1819 127 6 11 1820 119 30 272 
100 39 106 1821 1822 30 67 1823 17 1824 1825 32 1826 30 1827 1828 17 1829 
251 101 1518 1830 32 1831 1832 109 32 1833 1351 1834 106 1835 1836 1837 229 1838 1788 1839 109 105 1840 17 1841 17 1842 17 1843 17 32 565 208 1844 1845 1846 1847 1848 1849 1850 1851 25 1852 1853 59 229 32 1854 1855 6 899 84 39 84 109 67 1856 
67 256 2 39 476 6 1857 39 1858 391 157 106 1518 1859 131 174 16 57 100 39 1860 710 
1705 
30 1861 1862 1863 17 32 1864 168 1475 1476 1865 17 1866 1867 109 1868 17 1537 1869 
32 1870 48 67 387 292 16 32 1871 1269 30 67 1872 30 1873 1874 
251 39 32 1875 1876 1877 105 67 968 1878 30 67 256 131 1879 475 
498 1880 32 
1705 
441 303 1183 206 
276 637 
2 1881 128 30 67 1479 30 1882 1883 1855 67 1115 30 67 256 17 32 435 1365 6 1884 32 1885 1886 109 32 1887 1888 
768 475 
459 1889 114 475 
498 1054 109 2 49 17 123 64 296 1890 158 1891 17 452 32 1892 1893 30 696 1894 1895 158 56 23 1541 197 1896 1897 
4 1898 721 11 1016 1378 16 1899 261 30 1900 1901 6 20 117 520 988 1901 316 475 
498 153 239 234 198 
32 977 1902 23 1903 1904 32 1683 109 197 1905 44 63 100 39 32 1654 1906 
304 20 416 6 239 9 23 499 
67 1683 1879 475 
32 
1907 
498 1908 1909 
1910 1911 30 1502 1912 
837 
700 30 1913 1912 
837 
1853 59 1914 1915 398 818 1916 1917 
1918 
30 55 2 3 50 115 1919 234 157 155 424 
32 
1907 
498 39 1920 71 303 1921 32 1922 1923 1924 17 1925 1926 312 30 73 1927 229 57 1928 1929 1930 6 1907 
1931 1932 131 279 1933 16 73 67 794 
795 
2 
208 93 475 
498 2 49 1934 17 87 46 2 288 157 67 794 
795 
2 
498 553 11 699 481 32 1935 1936 32 1476 17 1740 32 1937 1870 290 497 554 25 1938 1901 84 39 1939 1940 1042 25 32 1941 1942 
748 72 11 1943 2 99 
2 279 114 197 452 32 1893 30 1944 1945 109 9 170 
2 1169 67 1942 266 1946 20 475 
498 
34 167 74 209 229 20 167 74 209 229 16 64 49 1947 
2 332 1247 555 406 114 9 1948 
303 109 67 796 2 3 
988 1901 58 67 1949 30 1950 17 2 46 1951 425 551 585 237 73 57 2 273 416 197 6 791 
67 797 615 44 63 64 39 1952 290 305 64 203 6 530 887 157 1953 
415 448 1954 234 9 128 109 67 794 
795 
2 
1955 30 1956 1957 1958 17 1959 
378 67 10 475 
498 2 873 2 300 586 44 2 512 109 57 320 115 894 157 16 221 1656 9 307 
167 217 539 198 36 2 481 67 1960 30 1622 48 157 32 1806 17 155 376 157 20 
2 332 20 566 135 32 66 30 526 215 20 86 545 229 16 
67 1908 1909 615 44 1961 44 63 64 51 592 1962 1963 105 67 1964 71 64 666 1965 
38 100 58 198 2 24 44 251 39 32 1747 105 67 435 17 32 1966 1492 1967 106 1968 1969 30 1970 1971 17 376 109 1536 30 475 
498 
198 20 200 209 1719 17 1374 158 526 2 1075 
1972 16 157 26 1973 109 11 1974 17 20 1371 114 100 
17 30 55 153 114 988 1901 1419 32 518 1975 30 696 237 6 20 25 794 
795 
2 
862 378 1976 1807 
445 30 74 34 20 220 140 441 20 531 16 158 831 1977 17 211 988 1901 452 14 67 1978 17 36 105 
167 279 1979 6 973 1083 306 109 67 1893 207 100 67 797 1980 17 1731 32 1981 856 1683 518 229 1963 1978 1962 588 17 32 1982 131 441 114 1983 497 1984 1985 105 1413 30 1986 
2 1951 475 
498 2 24 57 320 51 713 30 424 109 67 334 262 761 6 1987 658 30 11 1988 73 1198 100 58 20 900 415 566 54 73 11 206 
64 615 127 401 1989 
2 499 32 274 864 64 224 
9 58 300 106 1990 1991 
425 157 1992 1993 1994 
2 147 135 57 334 97 
288 20 900 2 203 6 530 11 848 109 91 2 1995 229 696 237 2 499 
2 1996 158 1997 6 1992 1993 1998 
36 958 2 220 62 54 87 20 981 6 239 16 73 17 20 114 300 392 32 1999 2000 109 1536 30 32 2001 2002 
58 57 67 10 1907 
1931 1932 2003 497 2004 2005 231 105 498 1179 301 105 229 100 2 1314 
4 32 2006 312 17 320 1370 262 761 30 67 424 11 2007 145 6 636 157 300 894 6 452 738 30 11 424 
64 1686 32 190 1171 1891 48 30 497 1690 17 2008 100 
67 1911 39 499 6 2009 20 475 
459 105 2010 30 1625 2011 2012 
131 2013 2014 2015 
710 
795 
67 837 
594 
2016 163 489 100 39 639 30 129 
4 303 25 1960 6 316 20 131 128 
2 404 584 2017 6 1972 20 87 20 54 73 1912 
837 
837 
560 17 2018 2019 109 67 2020 110 
2 833 289 17 112 
198 2 301 100 2 49 
72 712 
1917 
2 17 57 2021 2022 124 125 1338 6 1728 67 223 109 67 2023 30 398 818 
100 74 2024 289 6 32 119 2 51 215 2 39 2025 25 67 68 69 480 93 
103 73 67 1912 
837 
837 
560 104 2026 127 483 67 1140 
125 39 251 123 2 126 127 17 2 668 32 274 2027 73 11 119 91 2 39 2028 2029 34 20 54 87 2 910 
72 74 251 58 6 100 475 
498 
67 1908 1909 392 32 1978 30 2030 109 497 1891 
1627 20 117 149 475 
459 64 49 
163 717 249 204 76 6 899 306 34 11 2031 412 6 530 20 109 
2 220 900 11 2031 2032 109 130 
303 57 52 30 119 
303 109 858 
2 112 1385 
4 2033 2 78 145 57 
36 958 44 2 404 1208 67 794 
795 
2 
46 1229 109 11 119 82 297 100 109 67 2034 
498 2035 
167 303 575 1939 229 712 
1917 
2 82 762 2036 2037 64 49 
415 240 316 1188 270 
67 255 229 158 119 1334 6 204 57 67 1847 2038 207 803 6 54 57 67 1912 
837 
837 
560 58 109 2039 17 57 67 340 700 502 51 163 97 322 197 221 334 2040 
220 211 57 267 20 2 49 
34 23 39 1406 45 67 2041 2042 241 1837 2043 2044 483 2045 
748 498 24 
712 
1917 
2 
147 319 270 73 2045 
1627 20 475 
459 
520 204 109 2046 229 20 483 17 105 
64 1133 117 2047 553 755 1385 196 16 157 67 1808 666 6 988 1901 17 392 32 745 2048 32 2049 
497 2050 2051 1042 14 67 1815 
988 1901 2052 291 64 39 48 30 2053 295 464 6 16 
20 1761 1201 947 23 49 2054 
20 51 234 2055 291 20 558 73 2045 
757 1230 20 1884 270 2 615 127 25 197 1534 647 438 
36 320 392 32 2056 48 30 16 
2 2057 20 127 17 14 
781 272 67 794 
795 
2 
114 115 74 290 67 2058 221 630 92 
551 101 2059 303 6 2060 32 97 6 20 
251 39 106 1909 894 6 2061 16 123 2 141 500 334 335 
2 174 234 555 115 2062 67 2063 229 16 
20 174 234 2 39 801 
304 757 303 64 2064 1299 109 11 1410 
2 174 234 73 696 632 127 109 67 2065 17 292 20 32 518 847 322 2066 1387 30 206 291 480 1195 
17 198 20 114 6 47 135 32 2067 229 67 2068 109 67 110 
319 87 58 100 320 803 6 114 2069 2070 1201 34 2 54 988 1901 
72 116 30 67 255 
788 483 57 988 1901 2071 
57 39 6 2072 20 157 1390 16 67 2073 123 20 512 109 
4 158 1938 17 67 2074 330 36 555 787 675 67 2075 2076 229 16 17 153 2077 20 32 2078 1750 25 696 632 
9 39 428 2079 2080 157 2081 36 2 481 67 2082 
817 11 660 17 661 2 174 67 2083 2084 57 514 204 289 109 67 307 
2 2052 157 1938 25 67 1263 30 67 2085 17 1617 197 1248 361 67 633 1743 2075 17 127 6 67 2086 166 2087 105 6 696 632 
100 39 117 2088 179 2089 1536 2090 361 1254 2091 
251 39 163 649 17 106 1866 2092 2093 26 2094 577 105 67 2095 17 2096 30 67 2097 
67 2098 1536 51 115 392 361 32 647 538 2099 2100 1090 433 757 303 2101 2 332 229 32 2102 2103 17 1842 17 106 1479 30 1095 131 1516 67 1194 459 2046 
251 39 32 1254 2104 1437 44 520 17 32 2105 229 32 2106 1479 30 2107 109 67 2108 17 32 1315 617 30 2109 
1938 481 483 197 660 17 661 2110 16 32 208 1639 552 17 295 1614 361 67 2111 
217 32 208 920 30 2112 17 2113 23 1903 2114 109 2115 1255 1102 
251 23 49 198 2 486 787 
2 667 25 197 
865 6 1938 2 49 
2116 6 1938 23 3 
199 73 272 320 279 115 2117 6 16 17 20 54 100 
2 220 2118 34 28 32 2119 82 32 2120 
20 46 279 231 6 16 26 424 28 109 255 17 153 2121 20 127 
198 28 109 255 229 67 2122 36 199 73 16 181 20 2123 28 32 208 2124 2 49 2125 157 1938 39 2126 128 30 2127 159 2128 2129 
67 842 58 4 109 74 2130 30 32 2131 
20 239 2 78 75 6 77 87 50 115 90 91 334 480 
167 29 30 135 2132 30 2133 35 766 
9 794 
795 
2 
286 58 35 128 30 11 2134 
23 615 25 16 2135 
36 20 220 77 80 20 101 91 480 23 499 
23 2136 2137 67 1437 833 14 17 292 16 32 2138 436 
276 57 145 20 77 100 39 135 2 174 57 2139 
20 17 16 101 209 38 109 9 632 290 2140 17 220 1046 100 
2 410 
2 1193 1938 63 23 39 44 2141 17 2142 6 1681 2143 17 2144 
1142 2 49 
2 146 1046 100 
2145 23 268 
198 57 756 141 57 1532 1182 20 316 16 80 67 876 20 565 101 290 67 2063 
20 949 16 127 2066 335 17 2146 67 445 424 50 625 331 105 20 221 20 422 67 170 2066 307 
1492 20 310 114 155 2147 6 288 6 67 794 
795 
2 
71 167 425 6 87 20 141 6 899 6 2148 

