123 67 542 2149 1912 
837 
837 
560 39 2150 2151 1049 518 1837 2043 1293 45 67 2152 2153 105 67 997 2154 55 722 30 67 2155 2156 
100 39 1066 67 1430 82 67 2157 30 1861 1863 2158 105 305 67 560 67 2159 1579 108 6 204 873 6 706 2018 2160 109 67 110 51 668 67 2161 2162 
2 39 109 67 108 109 901 109 67 2163 123 67 2164 2165 17 2 404 67 35 1065 84 46 316 199 17 757 67 560 1614 1166 32 1708 109 67 2166 2167 2168 30 2169 
2 51 115 2170 378 340 2038 2171 6 2172 17 2173 105 2174 2175 1163 6 2176 127 67 708 2018 2177 25 2045 109 2041 229 67 2178 2179 2180 2181 542 
11 56 378 67 10 58 593 595 2182 1912 
837 
1917 
711 
2 51 115 2183 2184 217 2185 2186 44 32 2187 30 11 2188 2189 2190 105 67 336 2191 
2192 6 2193 2194 378 2195 67 2196 
2 39 32 771 2197 17 32 1610 496 30 593 2198 36 2 51 163 255 229 340 2036 109 1292 32 341 2039 109 67 345 30 2199 
2 240 174 182 57 2 51 2200 157 721 2201 36 2 39 240 2202 6 67 469 2203 378 131 67 340 2204 167 2205 2206 30 2207 2208 17 1937 2209 
36 2 51 32 2210 2211 378 67 469 168 30 2212 17 2213 131 327 32 208 710 
711 
712 
100 39 105 67 445 335 109 708 2167 217 551 51 2214 67 2215 30 67 2018 2216 2087 25 2169 57 2217 2218 499 16 6 2219 234 6 67 2163 
64 49 57 497 2220 101 6 47 2221 2222 30 67 2223 30 67 2181 542 44 462 44 551 101 1127 30 67 1140 
2224 64 2 17 2225 495 2226 2227 2228 1912 
837 
1917 
101 67 35 1222 2229 84 509 67 133 2230 30 2174 2231 
67 561 51 115 2232 2233 2234 2235 57 551 101 2236 109 32 2237 105 2238 
67 2181 542 2218 174 16 51 115 2180 378 67 340 2239 6 762 2240 2241 606 2242 378 67 1324 229 2243 
67 2181 542 2244 2245 2246 105 32 406 1799 17 2247 976 378 96 2248 71 39 2249 2250 2251 6 2252 32 903 188 
64 2253 6 531 16 67 542 277 36 57 2 585 2254 167 1155 2255 17 6 2256 16 105 67 2223 30 167 2257 2258 6 67 340 2259 25 887 32 2260 2173 105 67 903 318 30 2245 2261 
64 51 1758 2262 378 2226 2228 6 1884 1188 6 67 2163 17 2253 217 2263 57 551 200 6 2264 497 2265 
100 39 2266 44 1607 2267 105 67 2268 229 2269 1060 109 322 67 2270 44 67 2271 2272 322 2273 2274 67 2275 2216 30 67 2276 2277 
251 39 32 2278 2279 17 67 560 39 2280 17 2281 44 23 2282 2283 2045 25 32 2284 2285 2286 
20 54 595 49 2218 44 67 2287 2288 481 696 1758 17 224 1188 6 67 2163 2 220 135 9 52 30 286 
20 910 9 223 2 499 2289 2290 67 10 67 1518 1579 2291 105 497 744 421 
2 910 9 2181 542 64 3 
2 51 1433 6 288 229 2292 100 17 198 109 32 490 30 275 128 30 1083 177 2293 2018 2294 25 67 1243 276 452 483 229 100 17 2295 100 105 2045 322 106 2296 30 2297 2298 
67 2299 58 625 6 81 25 106 2296 30 2300 2298 17 295 383 82 539 1321 2301 2302 276 2303 6 2304 
67 2305 2306 2301 2 961 2307 67 340 
2218 615 25 16 109 32 2308 2309 10 
1627 20 495 64 49 
20 114 1532 11 1131 
2 39 109 717 44 6 305 6 518 9 2174 109 67 56 30 96 1991 71 198 2 239 2 114 163 2310 
239 9 64 889 
9 39 32 2311 2312 2313 30 1868 73 67 2314 30 32 2315 2316 105 32 1497 2317 2318 
34 2 452 9 1739 595 2218 24 17 2319 100 48 67 542 276 2320 2321 262 2322 82 25 2300 2298 2296 2323 2324 1209 
67 262 2322 58 6 838 67 2325 32 2326 30 2327 109 1865 30 2328 2329 25 1799 2296 
1411 2330 100 322 2297 2298 1555 57 67 262 2322 2331 91 67 542 2332 67 2333 25 131 100 651 2334 
20 47 16 2335 2217 2 111 
78 20 899 1166 2336 100 34 100 2149 198 2337 760 2298 1402 67 2338 2218 889 100 441 2339 106 2340 2341 131 585 2342 705 25 2343 17 441 2344 105 67 2345 25 2346 2347 
153 452 158 97 157 100 2 49 
36 2348 2218 34 67 542 101 6 200 483 198 163 128 585 54 87 51 515 6 67 560 17 67 2349 2 54 67 2350 1199 57 2181 2351 101 2352 428 2353 6 1204 
17 36 67 2301 2354 566 204 2355 32 274 738 263 30 134 
450 100 2 1113 2356 1006 17 2357 157 497 2358 
71 100 39 428 453 
2218 292 32 2359 2319 105 67 1739 
100 512 2360 17 32 1174 2361 393 39 280 1482 67 2362 30 67 2363 17 67 2364 30 67 2365 354 2225 2366 
20 2 544 
295 2 770 2367 2368 



251 39 32 699 105 11 554 17 32 877 57 2204 102 2369 48 30 100 2 1365 2370 331 6 239 32 2371 2372 109 2373 2374 290 16 
11 421 2375 11 1281 2376 2377 17 2378 17 2 974 2379 704 144 67 921 
2380 124 2 49 
622 623 20 221 2381 
758 67 97 87 515 6 67 560 495 125 1912 
837 
1917 
711 
84 51 115 109 11 2382 109 942 1134 127 229 32 309 
123 101 20 516 25 2381 272 64 499 
17 758 67 2383 73 67 560 20 77 2 49 
57 424 551 532 361 67 2384 229 67 2385 109 2386 
71 87 515 6 11 2387 251 39 32 542 



319 80 404 2 17 87 482 58 100 2388 251 39 32 2389 30 834 322 2137 67 1437 17 2 464 11 421 
2 132 6 204 1485 109 32 2079 1171 2390 109 32 1254 2391 1779 122 229 2392 105 67 165 17 32 2382 30 539 2393 35 743 2394 2395 238 84 615 135 2396 2397 378 67 2398 2309 25 16 
125 39 67 35 312 109 2373 
1083 611 204 1339 17 87 101 2399 90 109 1243 



551 2400 127 2 2401 
2218 49 



320 115 556 272 2402 128 30 67 2403 2404 
20 101 548 2405 549 109 158 533 36 124 532 290 17 126 20 127 
34 20 416 6 54 80 20 86 24 1625 28 109 67 122 30 67 68 69 105 2168 2406 166 44 304 44 158 56 58 774 837 
459 17 9 58 1861 2407 1863 
272 459 2 2408 
757 2 173 509 234 645 520 
64 17 2 101 25 2409 
327 2410 295 64 532 6 70 17 165 166 215 2 532 6 2411 17 2412 36 551 147 239 149 30 2413 762 217 67 2414 
167 32 208 852 272 125 112 71 198 320 51 158 1336 199 73 1625 552 2 553 11 421 
781 124 2 2415 
316 16 87 515 
2 46 452 100 
86 20 640 86 551 74 640 58 9 803 6 204 2416 758 67 97 57 2417 2418 48 49 125 
38 460 1625 527 17 2419 157 475 
459 
32 1119 128 
459 11 421 2375 
2 949 127 17 337 2137 67 1437 6 2420 11 2421 109 67 2422 461 67 122 
1493 30 11 2423 2371 2424 438 17 2425 2426 2 2427 32 1456 798 2428 438 229 2429 1159 67 2430 2431 331 625 105 32 2432 2433 2434 131 39 2435 2436 44 2437 378 2438 2439 30 67 52 2044 392 127 109 2440 157 67 706 2396 2441 
2 21 135 876 2 1612 
520 316 16 9 124 
87 515 6 593 595 82 58 57 116 30 67 852 125 464 17 1816 25 16 229 106 831 2442 109 497 340 341 957 
595 64 39 25 2381 229 16 198 57 2 900 30 100 
32 2425 29 30 837 
712 
795 
2064 64 2 273 319 57 2 2443 1626 
2 332 64 39 32 1341 1759 29 30 2444 
80 58 64 595 748 64 141 1625 2445 334 2446 17 39 874 155 2447 2211 131 481 234 48 30 2046 
876 1079 127 2448 82 1902 1166 32 2449 129 398 2450 279 288 
319 125 873 
20 279 1230 114 32 595 2451 71 20 240 51 32 208 97 6 319 157 67 2119 
87 1230 64 516 288 6 20 1221 516 221 50 2452 20 320 279 115 2453 73 234 2044 221 64 141 361 2373 
788 483 276 20 17 838 1188 2454 2455 2456 32 40 6 301 32 1431 
2457 
2 481 11 552 17 2458 100 2459 
1198 51 515 6 16 221 67 2181 542 2389 483 2169 9 39 527 17 100 39 2266 36 2 2460 57 9 632 39 876 
2461 100 39 74 32 119 109 67 334 905 30 2462 
0 124 57 2463 787 
198 50 141 6 204 5 
272 2402 128 30 67 2396 316 1188 84 23 58 9 424 
20 203 6 450 2464 25 158 323 17 2465 82 211 158 85 109 105 67 2466 
9 424 2 49 4 5 500 
67 521 512 144 322 67 122 17 2467 16 361 32 487 2468 1689 131 2 2469 39 67 2470 2471 30 272 459 
251 101 383 1764 624 157 20 489 215 20 101 2025 64 49 
84 101 415 322 460 67 445 128 489 39 322 67 2472 6 319 57 2473 441 204 158 61 2474 41 217 74 
64 39 67 128 57 51 2475 36 1219 2064 100 489 2 77 20 174 16 57 64 39 2476 6 2477 26 1576 
520 198 67 2478 579 64 276 41 
67 1430 530 489 39 322 982 
459 
23 499 34 20 51 422 157 158 500 
87 1230 20 316 197 460 2 499 
757 87 20 174 16 489 30 55 123 20 512 109 489 
2 49 57 20 448 115 109 74 482 71 57 2 441 2479 26 624 
637 32 1576 595 2 49 6 212 
1179 2372 9 128 48 
551 101 2026 127 105 67 560 483 67 2480 1140 17 198 551 250 2481 25 67 68 69 109 398 818 188 2482 109 67 2483 2434 30 272 459 
9 113 204 802 221 1061 84 502 516 115 251 441 530 67 2484 44 67 2485 2486 67 2487 2416 82 876 
9 58 128 30 129 1201 2488 2489 6 2490 696 2036 
11 1421 58 6 1079 109 67 1979 17 1433 2491 2492 44 272 459 84 502 2493 115 1054 6 876 
34 551 1077 520 204 135 67 2494 67 2259 1419 370 540 2495 520 301 67 2496 17 1173 105 127 
34 551 2497 520 204 1054 14 44 67 1356 319 
1821 2498 67 2499 460 2 49 276 20 301 16 67 2159 2500 2344 2501 489 
2 13 14 378 67 435 17 2502 540 67 2503 30 2500 2504 44 2505 109 1523 
251 2 39 774 837 
2506 459 
2507 398 818 188 1861 2508 2509 
2409 
327 2510 2511 2512 
777 
70 32 
795 
1792 
965 988 390 2513 2514 30 398 818 188 2515 
2516 840 68 2517 70 966 484 
2518 1366 1367 298 299 1917 
1918 
170 163 
164 165 166 1917 
1918 
2016 
0 460 2 49 17 750 67 2344 6 234 
295 2 648 2519 11 661 17 1686 48 67 2520 2521 2 592 2519 67 2522 2439 
100 39 30 2523 229 2015 
837 
2524 
109 1732 1004 105 100 17 2525 2526 6 155 2527 131 2 147 1380 6 2528 2529 109 1254 244 17 32 398 2530 1308 398 818 188 17 298 299 1917 
1918 
36 958 36 208 
11 2531 30 856 39 2532 127 2533 
2 974 109 11 1215 1690 17 592 32 2534 30 2535 17 73 32 2536 17 32 2537 109 2538 
2 2539 32 2540 850 322 67 2541 109 67 2521 17 1755 100 6 67 69 521 
9 58 157 20 460 17 32 1757 2140 480 6 20 
34 2542 2543 20 622 623 16 74 482 
1627 20 117 149 489 4 304 64 49 2544 67 262 896 229 67 2545 2546 30 32 2547 82 2548 
2 662 48 6 67 2549 39 679 6 2550 67 188 17 1047 251 101 2551 1721 109 67 170 2552 337 2137 6 67 525 30 505 506 
6 11 2553 150 398 818 251 101 274 2554 17 129 101 1047 2555 
217 73 262 782 30 2556 894 2 2557 751 1293 30 67 2558 2559 109 67 732 2560 17 337 722 6 1992 2561 
44 2 464 14 2562 506 2 1599 103 2563 2564 109 67 1690 30 11 1689 
2 2565 17 2566 48 383 2567 2568 1688 229 67 1687 913 105 182 
128 39 2569 157 1 17 67 762 157 151 
9 2570 32 398 2571 32 2572 2 2573 32 2574 157 67 1204 30 128 30 67 2575 109 67 2576 17 2577 11 250 
67 128 2578 157 2579 566 204 2 1157 11 12 2580 32 1920 538 975 1732 1733 67 29 30 286 20 838 158 2581 2582 105 2583 482 
67 128 2578 151 1507 32 2584 30 67 52 74 428 2585 874 6 32 503 157 26 208 2586 
282 2 553 11 421 
2587 151 566 204 23 39 403 303 11 12 17 67 2500 2344 51 303 400 26 2588 2589 82 2590 2591 6 272 459 
17 20 220 838 1271 6 158 2592 2593 82 158 2594 
551 78 114 272 2595 483 497 398 134 378 2596 483 2597 1732 105 497 2598 12 17 1271 105 67 762 408 2 338 
36 2 2599 67 2600 105 67 1688 17 750 6 2601 109 424 6 675 67 2602 966 2603 
38 2 2604 6 32 1799 2605 
1493 30 67 2396 2606 67 398 818 2607 229 167 2608 2609 30 74 57 51 515 6 67 454 2038 221 2610 2 39 2611 620 6 2612 212 378 1300 32 673 30 710 
1705 
109 456 6 2613 67 2614 30 104 2615 378 2616 1564 2 2501 441 303 54 378 1337 
2 2617 11 438 109 57 2618 2619 229 167 2608 2609 30 74 57 51 516 515 2620 67 2621 2622 44 2 2623 371 67 69 88 17 1230 303 2028 2624 322 167 2625 2626 30 67 2627 17 67 2628 291 2 39 109 67 2629 2630 461 67 2631 2632 
67 455 39 2563 2633 71 2 39 76 6 250 32 1935 958 1006 80 274 2634 585 239 11 438 
2 338 57 11 2635 51 115 393 123 67 2636 105 2637 11 2638 24 239 28 303 2639 67 69 88 1414 475 
459 
1371 2 316 475 
2640 303 6 637 157 20 157 2641 2642 220 316 234 32 286 1889 2 2415 
4 2643 804 2644 496 30 628 39 300 2645 109 67 2646 2 220 416 6 204 510 
64 1803 2647 17 668 105 
2 39 2648 620 6 2649 298 299 1166 762 2650 17 337 682 67 2651 2652 291 2 2653 32 2654 
46 20 89 16 48 6 11 632 2 499 67 2655 
304 475 
459 
476 6 64 3 
2656 6 1383 158 2657 14 38 2 666 
2658 
4 428 1201 534 6 89 500 
141 26 762 2634 35 32 490 30 1377 322 67 2659 632 64 49 71 551 46 2295 20 445 17 211 182 483 2660 34 28 2661 1799 
876 163 2 2401 
9 58 32 2360 2662 231 445 2663 
20 46 89 16 105 6 1366 1367 217 320 422 182 25 67 2664 
1247 2665 301 109 255 34 415 101 2666 
67 2655 615 1961 17 406 2667 
622 280 30 26 2668 2669 1377 109 1083 2670 221 2671 39 32 2672 64 49 
2 2673 361 67 2558 2137 67 406 2674 2675 17 427 2676 30 383 2677 449 84 1798 1436 25 16 17 295 2678 32 2679 30 67 978 2680 30 2681 
2 974 406 2682 229 212 
2 132 6 114 2683 25 796 128 2684 2685 109 67 2686 2687 30 11 2688 2689 
198 157 11 445 2690 229 67 408 1564 2 51 965 580 1656 263 2691 2692 6 67 2500 2344 
1236 23 441 2693 57 251 39 103 2694 882 229 197 1068 91 2 51 115 262 782 25 1366 1367 
757 2 273 54 80 67 2695 39 211 2696 197 433 17 87 1002 2 530 67 1364 84 884 67 435 2697 551 51 32 1364 
