217 32 647 1348 109 67 55 30 131 11 12 1879 67 2500 693 109 67 398 818 2698 17 2 67 206 693 109 67 398 818 1296 2 2699 212 17 750 6 11 433 
426 2111 39 2700 229 74 67 1098 428 17 251 39 106 2701 2310 30 2702 322 67 2703 2704 2705 2706 6 67 2707 2708 1518 2709 2710 
2 65 48 67 914 17 592 57 11 915 916 917 290 918 919 208 920 30 100 144 67 921 
748 520 32 274 723 30 2711 127 2712 441 452 2118 30 57 
32 2266 2713 17 32 2714 2715 392 16 486 32 538 738 2716 17 2 2673 2717 361 426 1433 2718 2439 
86 20 2719 67 1656 523 883 390 567 322 197 433 
163 2590 1086 2 2059 197 
1605 67 170 276 20 17 316 182 4 2643 1049 67 1109 17 146 204 109 790 2720 202 
9 132 135 32 208 40 6 288 155 2721 67 1141 51 2722 2723 67 2724 2 2725 114 510 221 2 51 623 2726 30 1031 2727 135 1366 1367 109 32 2728 30 22 2729 2730 2731 
251 39 67 2732 2733 641 229 257 2734 1402 2735 2736 2737 1518 2738 17 67 2739 1479 30 1929 2538 105 67 2740 1351 2741 
67 2742 292 32 2743 30 2744 2745 229 67 2746 136 2747 378 2748 
251 39 67 2732 2749 2750 229 32 2751 2752 2753 383 82 539 2754 1661 2755 378 2754 2210 2756 2757 
251 39 67 469 1479 30 2758 575 1842 1254 2759 17 2760 2761 229 2762 30 2763 2764 17 32 2765 2766 1440 
30 55 20 463 67 2750 378 383 2050 14 322 67 1536 1616 17 251 39 32 2767 2768 6 11 1152 
17 304 44 1805 17 2007 251 39 32 2769 1107 2695 
2 1332 105 11 661 17 660 17 1577 48 540 32 2770 387 131 1726 322 67 2750 6 67 2732 2771 2772 2773 
251 101 2774 2775 2776 157 32 345 2777 17 109 67 2778 39 32 2779 538 2780 2781 
9 51 106 2782 373 17 67 2783 290 67 2784 25 67 632 80 1195 1002 204 17 32 2780 1826 968 1493 30 67 576 157 923 710 
1705 
74 67 10 144 67 278 30 67 2154 39 1003 109 704 2785 2786 67 876 229 100 11 2787 105 9 2788 30 67 459 2789 2 2790 305 2 2791 6 1710 2788 229 32 2792 1314 378 1344 
748 475 
459 23 567 322 67 2793 387 109 518 2794 30 197 2795 2255 44 2796 2157 2797 1364 25 2798 2799 67 312 322 67 1415 58 38 229 60 
80 1371 2 316 234 6 452 67 61 2 2800 289 2801 39 136 32 2802 109 67 2216 17 2 565 2486 11 2803 229 184 747 2804 592 32 2805 538 312 84 2806 30 2807 17 2808 
520 489 475 
459 64 2809 67 179 2810 25 16 
57 61 30 1233 51 32 1387 530 32 2811 1387 530 
332 64 39 32 2812 2813 
65 402 2814 2815 2775 2816 2817 
163 2818 
295 92 93 64 300 788 14 17 532 6 533 17 2 332 11 146 475 
459 486 1219 71 64 126 127 664 44 134 17 2201 44 2819 17 544 2820 105 36 57 2 409 64 1017 6 231 500 6 497 2821 
1425 32 2822 2823 475 
459 117 2823 2 566 319 71 876 301 520 2824 38 265 25 11 632 17 153 2825 109 1631 762 482 6 241 242 30 234 
240 1230 239 270 135 67 1418 57 61 392 109 74 11 2507 275 
198 73 497 2826 2 2052 291 64 51 6 618 32 1431 17 392 2827 6 2828 234 105 497 1607 2829 
2 273 114 42 60 157 32 1321 2529 2 49 
1179 301 234 48 30 158 88 17 127 109 11 433 2 873 
1425 115 135 32 2830 30 67 1929 17 32 1618 30 2079 2831 2832 1314 16 1617 378 2833 1770 30 32 704 2434 2834 277 2835 144 2519 32 1254 2836 2837 
251 49 67 2478 
64 2615 158 877 
231 105 60 
153 2838 20 
1425 1341 2823 475 
459 71 876 301 2359 1328 34 20 2839 234 209 
67 2478 2840 48 67 1536 435 17 750 2184 2841 32 2842 2843 2844 997 2845 105 32 2846 1171 2847 
60 1230 303 21 117 2823 6 16 71 50 279 115 1724 30 2848 17 2 2849 57 2850 6 2851 566 2852 109 11 1650 
208 61 2 2853 
960 179 2854 67 960 179 2854 292 32 1799 71 2855 2856 17 2857 157 16 229 2858 2859 2860 67 2478 461 234 135 32 2861 461 32 2862 2863 
2 2864 361 67 1152 17 2865 67 435 215 60 1659 1072 17 2866 105 67 958 1743 30 11 2867 
316 20 87 1028 2 567 540 67 2868 
452 234 432 17 973 234 109 11 1437 
167 67 128 6 67 209 25 67 421 30 67 1403 
1425 300 2869 
2870 234 109 17 44 462 44 1425 2871 14 153 47 234 2872 
215 9 406 2873 2874 39 104 973 361 1527 2 13 14 17 332 100 290 
2875 272 51 115 67 52 30 312 2876 2877 61 65 6 2878 497 2879 48 
57 39 2880 221 322 87 2 2557 30 234 25 2510 64 51 34 270 115 35 428 2881 
2 2052 48 67 2472 2882 2173 17 2883 17 295 1765 67 2884 157 67 1364 
1112 2 49 276 20 145 67 1028 229 497 660 17 661 17 295 452 60 32 2885 30 2080 
67 960 179 2886 51 32 2887 424 
67 2478 2888 17 2 1766 215 67 1364 532 432 
295 251 39 32 2889 67 2890 30 2891 2763 17 67 393 30 32 435 104 2865 
2 2892 127 67 2050 6 250 1112 2893 17 2894 386 765 25 67 2895 2896 30 32 1591 2763 2885 17 32 2897 2898 30 2080 105 67 2899 2900 2620 11 433 
67 435 30 11 1272 1437 2389 1283 17 1 1345 229 32 559 87 105 893 167 57 61 489 1294 1344 
123 2 2901 229 67 2885 30 2080 135 20 49 251 64 39 2902 2903 1116 135 32 2301 2904 17 87 2 1701 
17 64 39 1259 158 1102 489 23 2905 
2906 2907 390 2908 67 97 
2 292 32 2909 309 
64 2461 2910 57 64 207 2911 6 2912 105 67 1657 1112 17 310 114 2566 11 1102 127 251 6 2912 105 
2913 2 211 234 127 105 67 2914 2 279 47 234 2912 105 155 30 11 747 
748 1344 49 1660 2915 
58 57 100 100 39 300 57 100 615 29 30 2916 6 239 497 2675 109 67 2917 1215 
520 220 267 73 100 198 1344 11 12 24 753 
4 303 1961 100 292 20 32 294 
1425 2590 32 1130 61 
153 200 109 17 239 57 1425 2872 
231 105 272 1179 452 32 21 25 234 
758 67 888 23 873 2289 32 2918 2919 109 11 2920 
425 149 2 2921 
167 35 57 64 2922 157 11 2879 123 64 141 2519 67 435 
1267 23 3 109 67 1786 671 30 32 408 84 419 787 17 84 109 26 1865 2923 197 1068 303 6 204 2033 30 32 2597 2924 997 2845 
20 54 60 279 2925 497 2926 105 158 2927 17 2928 158 438 1631 307 44 20 1954 234 
11 2929 834 39 32 81 30 2930 
30 55 57 39 100 2 268 17 1041 115 1042 322 1188 36 423 57 64 39 2931 
231 105 1179 239 34 551 78 47 67 960 2932 2872 
71 2 211 197 1248 67 10 
67 960 2932 39 2902 2933 105 11 136 2934 1116 
67 2935 2936 1161 1102 131 2 51 2937 25 1348 101 2126 2379 2938 144 167 2939 2434 
67 661 39 2137 67 2851 2927 17 261 30 167 2940 101 2941 540 128 30 67 2942 
251 60 960 179 2854 2943 1 109 32 877 131 441 114 2944 2945 322 184 2946 
60 292 32 2947 2362 17 497 2948 2949 67 2950 135 106 2951 2952 2137 67 289 30 2953 2954 
11 12 2955 67 2851 421 17 60 2956 2957 25 197 
23 2958 2959 234 322 2960 67 1102 17 1282 182 127 109 67 2961 
44 23 464 2962 67 1116 64 2864 6 67 2900 2963 127 973 261 2926 105 197 2927 17 2964 197 438 2965 1390 538 2966 17 2967 
960 179 2854 960 179 60 23 2968 
39 64 476 6 301 500 322 67 2278 179 2969 251 17 23 2970 497 953 
231 105 198 60 23 24 738 2971 319 208 307 6 158 1353 
67 863 39 32 1992 2972 30 32 2856 17 67 2973 30 32 2974 30 1497 1591 2975 109 11 1429 
60 23 1113 44 67 2932 2956 2976 
319 208 307 6 67 1353 64 2977 6 67 2900 229 67 2978 30 32 2979 1446 17 2980 16 2981 953 289 1582 2982 17 2859 109 2983 
60 1681 799 39 2956 2984 71 67 61 2857 25 16 17 2 1257 51 424 6 1387 67 435 109 167 438 
32 274 782 1902 390 2985 386 2986 
50 240 2452 234 6 2987 135 9 23 49 
2 220 135 100 
167 279 115 20 64 39 36 1724 30 17 64 1257 2988 16 
198 64 1334 74 2989 
217 20 422 64 2871 209 14 17 512 289 17 2964 11 438 74 290 1385 
87 288 20 1182 58 882 229 234 
46 100 204 2990 2 553 11 421 
64 266 807 135 2990 2 49 
1425 51 32 1219 200 30 2475 17 58 2461 2991 322 294 
2848 288 301 294 20 54 
2 77 109 2992 25 70 415 174 1188 73 32 117 2993 2409 
2994 61 131 39 2995 361 518 2996 378 67 2997 
57 58 415 1686 32 2998 2999 2137 67 2900 378 32 3000 1883 109 32 420 1308 67 3001 
67 61 580 51 3002 3003 123 64 2427 32 2999 3004 378 277 
71 87 46 551 288 23 499 
1179 1419 234 289 6 67 1415 291 1425 3005 
3006 322 87 1106 
3007 3008 
322 87 3008 49 1041 770 3009 127 25 67 1415 17 3010 2478 57 3011 60 441 204 787 483 25 500 
71 551 78 114 234 5 157 20 1631 424 20 1204 158 1437 
295 2 146 1204 100 
153 533 109 67 589 2 873 1694 3012 23 3013 6 937 3014 
20 566 452 234 1625 2885 30 3015 74 209 229 3016 3017 67 398 818 1296 105 67 3018 32 1201 208 1204 157 638 1890 48 11 747 17 306 
64 1334 6 114 645 32 3019 157 20 17 520 300 1383 234 251 6 900 306 290 378 3020 
199 73 497 1808 23 499 
3021 64 114 32 1908 3022 163 
153 211 234 200 2855 157 32 482 82 36 
36 423 44 64 502 713 30 2080 100 146 440 234 
295 123 1425 2823 620 36 44 303 6 204 2353 153 1890 234 155 177 3023 17 724 3024 17 876 784 6 1185 16 67 1979 10 378 67 3025 3026 
23 615 25 16 19 20 288 21 3027 23 49 
320 51 32 294 428 
448 2 787 530 67 1028 2 553 11 421 
163 738 1339 1889 
4 48 30 1156 2 409 17 74 9 3028 997 3029 58 898 105 67 3030 
153 200 14 17 3031 212 32 3032 
20 566 339 16 123 320 1386 11 306 432 
756 141 6 237 290 32 195 30 306 
123 2 3033 3034 6 1303 14 109 11 1152 229 32 1639 552 2 974 3035 2986 17 3036 127 354 67 165 
251 585 204 163 1315 717 73 3037 61 509 60 509 57 2 39 106 3038 57 67 133 272 459 163 1209 3039 57 32 3040 39 2482 109 497 2434 17 747 
67 2907 3041 30 32 61 51 1726 234 6 67 842 123 62 426 12 51 115 3042 
9 39 32 398 3043 109 67 1407 
2 611 1951 67 1353 30 67 2689 3044 229 96 3045 6 239 305 593 595 441 47 100 82 441 204 3046 109 67 445 3047 
30 128 286 2 39 2918 3048 2 585 3049 155 52 30 1610 3050 229 60 1413 441 3051 144 16 
157 67 977 390 1230 303 717 57 2 39 197 1068 11 3052 51 1601 197 71 23 51 1819 229 272 36 423 57 100 39 3053 57 23 163 1209 3054 1599 234 
151 152 441 204 738 3055 39 32 408 3056 17 23 51 115 3057 48 30 106 3058 
23 51 1631 3059 157 3060 48 82 62 157 3061 67 842 71 2 51 874 212 32 208 3062 6 241 197 25 547 3063 
23 611 3064 197 10 361 11 2516 
2 441 316 11 170 1988 6 241 197 1042 322 16 17 23 611 204 36 3065 44 6 3066 3067 361 11 500 
34 2 585 3068 60 17 457 151 2 51 32 259 40 30 1292 1042 229 100 
3069 508 489 100 39 1344 
768 1112 982 
152 58 289 489 
23 412 6 239 20 
316 197 2 404 303 25 500 2 3 109 32 1127 2820 671 
17 57 2 240 276 204 25 500 6 197 
748 768 20 276 
100 39 67 1213 
23 39 1259 32 423 3070 661 17 2820 32 572 1866 3071 
135 100 82 303 272 551 86 5 6 114 32 3072 
23 464 6 67 801 1364 
17 220 20 7 3073 67 868 1344 23 873 82 67 445 286 20 276 791 58 9 3071 5 2825 25 475 
774 459 30 398 818 188 17 298 299 
72 74 209 1112 2 873 
220 530 67 868 
316 982 
459 57 4 2006 
982 
152 17 2 981 6 114 32 1894 

