44 67 435 6 67 1437 2865 2965 461 1344 982 
152 94 3074 67 1866 105 67 3075 1308 1188 17 3076 289 197 3070 661 
23 39 106 3077 538 1978 34 20 135 3078 1264 3079 17 1628 540 17 540 
3080 2 770 6 2649 157 67 3081 71 39 659 378 197 309 
452 100 378 74 1555 23 49 
167 303 3082 
2 35 474 100 157 67 1364 
316 16 272 114 20 141 197 105 158 3083 428 67 1364 392 82 3084 44 415 1311 6 319 
151 2 49 753 2 174 20 2795 9 307 57 551 101 540 
225 425 738 6 204 49 73 100 
167 1623 804 3085 3086 520 57 3087 
23 112 1385 17 615 25 16 19 
109 1644 30 212 2 544 1346 3088 25 67 3089 30 11 422 3090 32 3091 30 628 123 1619 131 502 279 1553 11 333 
251 151 49 3033 72 100 197 877 51 32 1857 30 3092 229 32 2046 30 3093 3094 57 2 592 3095 
520 114 20 270 6 319 2 499 
114 20 270 6 319 50 1047 49 100 151 
177 44 20 86 17 3096 44 20 86 101 3097 127 
100 146 81 17 551 261 54 100 
36 757 303 3098 755 17 3099 85 23 481 11 3100 699 109 969 71 1493 30 3101 100 3102 100 1778 
117 3103 23 1798 
320 62 141 57 538 3104 25 67 2177 30 158 3105 
30 55 2 114 
167 115 251 221 3106 
117 117 3103 272 23 889 71 100 146 288 11 272 557 20 239 20 2306 11 272 25 74 
28 32 3093 3040 
50 311 2 224 
4 1338 6 204 3107 1759 
2587 1017 272 6 204 3107 1759 23 3108 
1061 
64 39 149 3109 44 64 3110 178 1136 3111 
44 157 20 2587 20 86 4 105 6 158 3112 
20 2306 774 459 17 20 54 100 
2 973 155 704 3113 361 11 3114 
199 1230 20 516 409 982 
152 23 112 3115 2467 3067 6 32 1476 17 833 1006 215 2 3116 100 36 57 2 585 303 145 3117 2079 361 67 3118 1594 30 197 3119 
2762 30 306 
109 67 445 632 20 530 16 151 123 101 2696 1493 30 3120 44 20 279 1311 6 288 
2 2565 1769 20 3120 123 2 392 127 11 140 2 544 
2116 6 20 3121 23 1626 
295 20 2204 1346 25 158 3090 44 63 20 101 3122 32 3123 215 2 39 3124 20 
272 240 1230 57 
123 64 39 109 32 896 64 279 648 109 497 1690 17 3125 497 317 82 44 32 3126 3127 3128 497 2535 
220 3129 11 3130 378 11 3131 2 2401 
4 303 2643 520 17 50 51 32 29 30 3132 294 
272 240 49 3132 109 497 134 960 2998 23 961 
64 147 54 87 100 3133 
163 2 220 54 87 158 3112 58 71 4 105 6 20 17 101 5 6 204 133 3134 322 198 105 82 82 87 67 868 23 961 3135 452 32 2608 2609 30 3136 109 9 1183 
198 4 1242 6 204 3137 
272 39 32 2119 84 51 100 31 6 234 2 409 
2 39 3138 234 157 32 1741 1189 17 1232 
539 568 2529 58 32 195 30 571 62 109 1083 275 17 100 441 114 115 177 6 114 115 965 6 100 
71 167 62 3139 9 10 2 409 
67 3140 39 2321 2649 
2 1624 212 1625 552 
114 155 2 499 
17 757 303 758 1233 58 628 17 551 261 148 100 
757 1230 20 319 100 39 3139 9 10 982 
152 2 1802 
151 6 20 272 
167 557 198 2 220 114 6 1679 20 17 2 136 114 32 3141 6 67 459 186 
36 20 86 5 109 157 1295 2 961 
1182 2 3142 6 1189 1 17 1679 20 
217 74 2 136 585 
32 503 502 197 3143 23 1798 
303 57 514 140 120 1336 229 20 3144 2 900 514 787 530 20 
71 32 12 78 838 3145 354 197 1068 17 2 900 514 406 135 6 204 76 6 838 3145 34 474 
872 32 1068 502 428 222 3146 6 145 67 3147 
251 86 3148 109 3149 17 3150 3151 301 465 127 109 67 2111 3152 17 251 58 279 67 2703 3153 
163 221 320 3034 6 301 3154 30 67 762 272 3155 2 900 153 241 32 442 3156 17 11 2043 44 423 44 20 47 100 3157 11 215 
1182 2 146 1210 2 1224 
295 153 200 6 67 868 82 67 794 
795 
2 
260 803 6 675 3158 2306 3159 316 182 87 2 54 
2 949 127 
9 441 204 3160 265 2 51 2476 
1142 151 2 49 200 209 1719 
225 67 1764 
20 46 1204 100 6 530 67 2466 3161 157 74 2 2118 
239 87 1086 20 114 229 158 792 123 11 12 58 38 6 3162 57 4 272 459 
197 438 3163 17 197 331 3164 1073 
1 428 23 499 
295 28 261 109 100 101 261 109 87 67 435 1365 17 390 459 949 109 67 3165 
151 152 615 3166 17 23 3080 1686 197 3070 289 290 197 2927 
425 1 23 49 25 334 
2 39 3167 620 6 1169 57 34 2 512 289 17 51 32 237 2696 229 272 551 585 3168 127 80 551 422 483 
1425 115 3009 36 2379 57 64 266 75 135 3020 25 74 
17 36 86 20 
72 87 2 3133 378 102 57 20 101 261 109 100 
151 11 12 49 753 11 1068 174 20 6 8 48 30 9 3169 167 11 500 3170 198 2 250 20 38 
1889 200 82 153 530 67 868 
67 383 413 3171 3172 1742 131 1224 57 415 101 261 1795 3173 67 2046 30 3174 57 51 231 361 184 3175 3176 
163 167 11 1059 157 824 197 109 2 49 
23 1054 109 97 378 1112 20 910 1344 
57 23 441 135 6 239 16 
2 268 6 288 36 36 20 78 1122 197 
551 558 306 290 17 338 57 167 74 3177 274 3178 30 3179 71 72 74 17 303 3157 3180 383 3181 157 
207 57 36 982 
152 151 553 197 421 
163 272 100 58 303 36 
1 2 512 38 229 57 3081 
100 2064 3082 71 67 626 424 100 276 204 
2 392 1344 82 1198 197 56 58 531 16 109 17 2 174 197 2 441 3182 272 34 23 292 67 3183 
295 2 174 234 87 2 54 73 234 
17 87 58 57 11 12 499 
57 64 58 303 272 25 74 151 1335 
57 64 58 106 3184 57 64 17 1247 20 51 804 1042 229 960 179 272 
2 174 234 57 2 273 316 497 2466 34 64 2573 16 6 241 3185 
17 64 174 16 6 530 67 868 
11 12 532 290 6 197 17 481 197 699 
960 3186 151 23 1798 757 220 20 200 1042 17 114 32 208 278 320 141 948 74 1144 127 157 32 2335 3187 
30 55 167 272 
4 965 6 234 17 2 203 6 54 11 159 1068 3021 2 320 584 141 213 14 17 74 229 3188 17 3189 
757 220 20 211 996 1419 20 157 32 274 723 6 67 336 3190 157 3191 17 32 208 278 151 3192 11 1272 699 1042 
109 762 1181 20 900 4 3193 23 1072 
163 71 2 288 900 28 3194 
9 58 272 4 1 17 28 151 152 
756 74 115 824 2481 301 3195 17 9 223 58 32 3196 105 3197 
220 267 
996 46 2121 100 157 20 645 3198 17 3199 261 276 204 476 6 145 636 157 100 34 28 1128 73 67 571 
217 74 390 873 3200 67 903 286 58 1341 149 30 32 1929 1200 207 100 1179 241 100 57 10 
982 
152 648 290 17 3201 67 3081 322 67 3075 
74 209 390 459 3202 23 1709 
34 72 67 10 28 5 6 1210 100 153 1210 428 
220 267 73 11 140 
2595 3203 73 67 1518 121 
77 109 9 1183 415 3204 413 84 1018 184 1713 
1 2052 291 67 435 330 461 67 1339 12 
295 23 464 6 16 229 32 1082 1602 30 3205 
960 312 23 24 
20 114 141 948 361 32 1219 1243 622 20 2 666 
100 147 75 135 128 215 2 39 1292 361 100 2 49 
167 35 198 123 4 1338 6 301 306 1134 48 57 100 1334 36 978 
1179 239 23 889 
199 222 413 58 100 320 115 1338 6 241 1042 322 2413 762 225 212 30 55 71 308 220 2852 26 738 288 415 17 225 151 152 17 1344 17 251 39 57 1886 3206 551 3207 25 3208 3209 334 345 17 58 100 128 82 383 449 25 67 170 38 39 80 2 585 2313 229 518 3210 
2 3211 57 50 303 115 3212 229 26 30 67 170 449 2 49 
2 54 1 268 3213 
20 279 1311 6 316 16 57 100 39 3214 1219 157 206 6 1210 229 67 145 71 217 2 2427 67 10 20 532 157 1344 2 338 57 251 101 3215 6 1631 3216 
1061 109 67 170 2 3217 
2 3211 100 
295 1247 100 39 67 170 626 435 
3218 20 2396 114 106 3219 3220 157 817 105 2413 561 3221 100 6 206 3222 157 1292 1973 73 2413 561 3223 2 54 50 280 67 56 1901 400 3155 109 158 3224 
67 56 1555 1023 425 6 16 2 2401 
34 100 276 47 20 26 3225 153 1884 6 32 574 413 71 4 540 229 74 57 3226 
322 198 105 4 5 6 204 32 3227 312 
390 3228 16 229 106 2216 30 3229 
441 20 140 1390 16 32 552 30 3230 23 499 
50 103 6 319 6 20 17 4 2033 20 146 135 100 
2 532 6 67 1496 122 17 1624 197 32 3231 30 3232 
38 20 86 
14 67 3233 17 198 87 58 100 20 416 6 316 16 
1229 16 272 23 49 167 303 575 157 16 
71 514 787 319 100 1221 
2 78 241 105 3234 100 
84 86 20 758 57 84 86 20 23 3217 
20 21 135 11 1068 71 20 220 237 135 234 
497 747 3235 20 71 151 152 58 645 3236 2306 272 459 
199 1230 20 409 220 900 153 838 20 1042 23 889 
2 146 557 20 113 114 51 32 3237 1944 2586 157 90 1198 20 114 804 
20 75 6 204 109 2079 255 30 155 52 
3238 135 6 145 20 34 2 46 
220 900 4 898 105 11 1068 
167 115 263 221 3239 20 54 
2 965 234 157 497 571 17 2 136 220 54 757 64 965 16 
768 2 288 71 50 240 1193 6 1884 100 
1041 392 32 195 30 571 109 67 820 17 51 3240 9 59 
64 474 32 12 67 10 64 474 106 399 32 1496 122 32 3241 32 3242 997 2845 17 32 3243 109 67 68 69 
2 39 3244 25 32 1317 131 64 3245 72 74 251 58 6 696 792 
960 1 2 3246 
101 261 42 2 409 
163 4 303 272 71 2 220 54 84 1556 2 585 3247 204 
20 239 3248 265 760 761 2691 2 39 32 2182 105 32 1579 108 109 67 2020 110 17 390 2981 3249 197 699 322 628 
748 23 2408 3250 
748 272 960 179 3251 153 452 2118 30 20 17 239 57 20 301 290 9 
637 153 530 67 1028 209 1042 
67 336 3252 32 117 177 632 17 2 46 231 290 1631 3253 6 2 553 11 421 
249 288 425 30 67 52 11 883 2 1113 
163 1028 46 145 16 105 9 128 
872 2 873 199 288 20 54 57 2 2064 3254 91 17 114 300 231 6 11 3255 
197 331 101 3256 
74 209 883 23 268 
2 135 20 787 9 10 1221 

