319 179 312 87 515 6 158 699 252 161 258 257 17 3257 71 117 1922 17 229 32 3258 3259 105 497 1775 3260 39 11 3261 
64 13 2137 67 3262 256 109 11 165 166 170 215 1938 1901 1876 3263 109 67 3264 170 
3265 3266 2 3267 
67 1651 286 1332 17 91 2 509 100 2 392 32 3268 157 100 
2648 100 147 200 2079 
3269 67 1150 3270 17 67 1080 588 
288 20 900 20 46 301 11 577 2214 540 67 83 82 1002 2 3271 272 3272 459 497 3273 161 3274 135 32 3175 3275 
520 301 620 3276 6 158 3277 3278 6 47 100 3279 64 926 
198 87 320 141 6 288 58 6 2546 179 3280 3281 361 67 3282 3283 17 452 32 3284 25 197 3285 3286 
50 1399 67 657 229 16 
44 20 54 23 2401 57 20 1142 67 920 
2 650 25 67 1876 657 
9 2071 3287 1341 208 6 16 252 2 49 
3288 3289 442 44 67 887 3290 32 
2524 
2524 
58 975 17 3291 
594 
203 6 288 74 209 229 9 398 3292 2071 
1106 
152 39 1149 229 1150 1151 127 17 14 11 1152 
64 615 743 738 1153 265 67 482 91 17 132 6 204 109 1154 1155 1156 
2 1157 25 67 1158 1159 11 1160 190 1161 1103 1104 17 1162 11 293 1163 6 1164 234 1165 48 30 67 59 157 120 231 1166 11 1167 
17 199 11 3293 268 
1492 87 32 3294 2071 135 57 58 3295 265 3296 2859 105 67 1283 820 
229 1387 6 32 568 867 6 1079 290 551 203 6 288 1341 520 105 9 
865 87 101 1300 157 197 
161 668 16 32 849 30 752 
67 3282 3283 64 49 
3297 
20 1678 3078 551 1002 267 
163 571 289 157 1656 263 
3298 3299 
67 849 39 3300 6 32 3301 3302 1220 
239 38 2 3303 48 
1083 1651 3304 3305 3306 
3306 32 3307 157 67 445 262 263 17 295 2595 360 127 67 3308 1385 17 260 3309 
72 100 272 
67 3282 3283 161 268 
415 636 3310 32 3307 34 20 1672 182 71 34 20 7 6 3311 182 2321 262 263 67 3312 1555 20 35 301 73 
3313 105 158 571 
173 32 3314 502 973 20 2229 9 3315 64 78 3316 3317 20 6 301 48 
84 3318 127 57 3319 748 32 490 30 3320 3321 551 1054 14 6 145 67 3302 1728 67 223 
167 32 2819 
167 3322 6 3323 109 3324 
67 3325 1787 44 876 17 20 301 100 74 289 34 20 637 423 620 
71 87 34 67 179 503 3326 2321 67 626 262 263 146 67 3327 204 3328 199 276 67 3329 486 123 415 114 6 452 32 2132 30 3330 72 184 267 272 161 3303 48 
74 551 114 6 288 58 576 67 3331 17 1655 3281 1034 73 3332 32 3307 157 67 278 30 197 134 
1493 30 67 3333 32 3307 1573 1292 48 30 197 1684 3286 198 
304 272 
101 303 109 206 157 696 3334 
3335 86 3336 17 988 3281 58 978 625 105 3337 684 
551 452 290 197 1684 3338 17 452 696 3339 105 67 820 
34 3340 3341 101 109 32 1175 6 3342 1328 
23 207 
23 35 1034 6 201 2201 32 3307 173 1308 122 2186 17 423 3343 17 295 626 424 322 3344 366 6 423 3343 
231 105 272 297 158 385 105 1083 3331 17 153 269 67 3345 
2 553 11 421 
514 135 6 900 9 290 2 49 
34 2 39 106 179 408 17 2476 35 262 82 1656 738 263 30 134 514 204 3346 34 514 3347 212 14 6 1083 3348 3349 
100 1770 1142 6 204 3322 71 2 900 514 297 6 67 3350 3351 17 1177 3325 17 301 32 213 157 11 571 
316 20 87 252 20 1605 17 316 197 514 135 6 114 32 237 229 197 91 23 3352 127 197 140 
161 3353 289 497 121 17 3228 16 2982 
153 204 1201 34 2 276 
9 58 32 2819 17 3354 209 58 3157 3355 6 67 1786 
20 558 197 361 100 17 198 34 28 1292 2266 2298 20 46 237 197 48 30 100 
74 2 54 58 57 320 501 2116 
551 2306 36 898 127 57 551 114 6 3319 179 180 
3319 11 957 758 882 73 3332 32 3307 3356 378 158 2953 3357 3248 809 810 2 3358 234 
748 3359 520 167 73 3360 32 3307 3248 265 1573 1292 198 
34 23 3361 48 17 3362 109 106 3363 23 585 301 73 3364 32 3307 3365 
163 2 220 416 6 3366 197 361 9 
295 320 1373 199 551 392 696 3367 109 67 445 632 11 3293 3368 
253 254 17 2 276 114 6 237 9 290 
9 58 32 487 424 6 200 1008 105 1188 
2 3369 25 234 
200 105 237 100 290 
34 20 416 48 28 1310 
514 406 135 20 6 297 144 44 4 105 6 103 565 1130 17 2 220 416 67 166 6 319 551 3370 696 3371 
2 1996 57 272 161 1072 
87 1556 441 20 530 100 3372 781 64 2149 
20 3240 127 9 206 
20 3373 67 3374 
4 1201 34 2 211 20 530 16 32 3375 157 3376 158 1248 17 64 3377 48 3378 67 435 
32 977 1902 64 652 497 421 109 1385 
1046 100 272 
34 28 1939 105 32 1130 2174 2852 16 109 2 18 67 657 30 67 3281 3286 1385 17 67 738 2 2427 100 67 738 2 2790 199 488 71 32 947 441 3379 157 67 3380 30 1565 571 109 67 2011 3304 157 1656 263 123 20 585 1132 127 2620 2011 
251 39 32 1343 105 67 1115 30 11 256 
2 615 127 6 239 1938 
475 
498 58 289 6 239 20 23 49 
153 301 625 229 67 1941 
17 220 267 73 57 3281 3381 
153 838 20 32 3382 1902 
23 419 87 1573 90 
487 2 174 197 
198 20 531 475 
498 109 17 47 229 67 1941 
1230 20 3383 3384 87 551 49 92 197 1281 3385 1283 17 197 1888 3386 3387 
3388 3389 2 1132 1420 
475 
498 132 149 738 3390 17 1153 265 105 67 590 3391 557 64 51 403 51 32 533 32 2713 17 32 2138 1348 3392 3393 378 1656 782 30 2188 3394 17 3395 109 2111 3396 
25 26 27 64 615 3235 
307 498 2 49 3397 
439 6 316 20 57 988 1901 39 500 229 32 1219 3398 334 335 17 2064 76 6 47 57 673 30 696 237 92 
3399 105 3400 86 303 803 6 1137 1166 1003 1953 322 184 1984 3401 71 498 113 114 51 106 3402 181 30 3403 157 1348 
530 948 32 3398 475 
459 64 499 
72 84 696 312 685 988 1901 51 334 335 25 3404 633 2086 166 2157 2900 1536 
46 2 301 197 155 3405 251 86 163 832 322 67 2004 2 961 17 2 114 163 1613 6 1316 391 6 319 626 424 231 105 127 17 114 32 552 229 1188 1493 30 90 67 797 109 32 2266 17 3406 1551 2137 67 166 
67 1908 1909 292 106 3407 3408 1362 25 1938 
748 876 64 24 
758 67 1204 30 74 9 3409 2071 67 1911 207 1299 109 158 1948 134 
87 2 1017 6 319 475 
459 58 57 2 685 696 237 6 11 2031 17 64 3410 11 2173 14 6 887 
101 303 5 6 947 144 229 1874 166 105 9 128 
67 3411 5 6 452 100 127 3412 229 3413 3414 25 67 340 700 
157 11 116 2 174 234 2 332 100 39 74 32 3415 71 135 2 49 67 794 
795 
2 
266 1229 109 130 57 231 1194 
1938 3416 67 1437 17 949 461 234 3417 32 538 3418 354 67 289 30 497 121 291 498 24 1105 6 1912 
837 
1848 109 67 1845 4 32 965 312 3389 229 32 12 17 3419 109 3420 
11 1943 667 17 292 234 32 3421 1343 105 67 1878 30 497 421 
28 32 208 1492 3422 23 174 234 17 4 74 157 20 
71 220 20 200 548 255 157 9 3423 3424 30 628 82 153 530 105 158 12 1610 17 316 74 
498 1798 6 67 1845 57 3425 1851 39 497 56 428 71 57 459 39 548 36 149 255 157 3020 57 64 39 1201 34 64 585 239 199 67 794 
795 
2 
585 47 100 26 766 
109 26 1865 64 873 738 2630 64 441 241 109 2046 229 16 17 211 16 54 305 2 39 1017 127 25 67 1910 1853 59 
239 38 498 2 3 
128 208 1079 266 47 32 3426 
9 58 67 3427 1865 320 516 115 105 
34 20 46 2295 109 17 3428 988 1901 17 212 105 2040 217 526 25 696 632 153 838 20 32 3382 57 276 3429 67 794 
795 
2 
322 167 3430 6 167 3431 
72 2811 1591 30 3016 988 1901 67 1908 1909 2911 
34 67 2031 1179 16 153 927 20 127 251 319 73 3432 
2117 2 49 
17 131 288 20 3433 82 3434 2 220 552 105 3400 64 174 16 71 2 250 3435 194 1298 483 3436 9 630 3426 1109 
217 497 3437 2 3438 212 109 67 170 17 229 3439 145 1399 212 127 6 3440 105 426 206 3441 
459 161 254 101 303 44 2 51 3442 32 3443 3444 
67 2253 3281 3319 39 35 67 2187 30 32 3445 179 1364 84 1751 2401 105 181 3446 67 3447 378 3448 197 571 361 2011 3304 
251 39 713 30 2454 3449 17 222 32 975 3450 109 3451 2039 81 17 3452 30 3453 
67 1786 39 303 30 55 117 3454 71 100 279 292 1319 157 167 3455 
100 39 109 901 32 1341 3456 1706 
251 39 32 3457 105 11 3458 1764 17 67 2084 313 475 
3459 3460 6 239 20 475 
459 
748 1972 234 6 239 128 30 67 762 216 276 20 2 174 234 57 20 101 428 2006 71 64 49 64 113 239 20 17 441 637 
64 428 2 499 
1142 
1419 234 109 
288 20 54 106 3459 3460 1938 282 23 553 197 421 
67 3461 3462 2371 
103 109 3463 91 2185 2186 
2 46 250 48 34 249 637 32 138 
240 140 2 174 197 
153 239 234 
20 8 109 67 626 1437 17 241 67 435 3464 36 20 46 452 32 1893 
23 112 
2 46 288 787 265 57 3424 
153 1517 14 67 3458 3465 17 241 67 435 2870 
57 10 
153 791 1631 97 20 319 
167 135 32 3466 
475 
3460 39 106 3467 520 625 127 312 109 67 921 2065 73 3468 383 739 229 2775 3469 1582 32 3469 742 3470 331 17 32 3471 3472 
64 615 3473 71 303 1128 378 100 
64 3474 229 32 1547 3475 3476 109 497 877 71 497 1033 39 1433 3412 17 3477 
475 
459 64 24 
20 113 3062 67 3478 30 3479 71 20 276 1062 123 2 316 20 57 2 404 2031 30 67 677 2036 3480 109 67 732 2560 
198 220 900 4 3193 82 3481 
67 35 2586 2 114 231 6 20 58 557 11 3482 109 67 794 
795 
2 
316 16 57 20 86 3483 109 67 3484 30 1912 
837 
837 
560 483 67 1140 
2181 2351 2064 100 2218 39 32 1341 3421 3485 17 2 2059 696 1222 57 64 39 1292 375 
198 2 220 1972 20 757 109 3486 56 67 3487 3488 100 3352 2531 6 114 383 2036 1608 109 9 484 
2461 3489 147 135 11 334 703 
163 220 301 2869 
50 2236 109 163 2207 3490 4 106 3475 2360 1183 3491 17 34 20 200 6 887 249 250 57 415 54 74 73 16 
684 310 416 67 179 3492 3493 109 696 871 71 2 78 239 67 373 30 428 149 3494 
2 1245 234 32 1476 
87 288 20 416 6 239 16 73 475 
3460 2 499 
157 74 20 54 251 310 204 3495 3496 74 290 67 632 
11 334 3497 1414 39 3498 32 1908 1909 30 67 794 
795 
2 
3460 3116 497 1476 229 32 3499 30 32 1732 3500 1867 
57 441 204 3501 
1907 
3502 100 32 487 3485 17 32 3503 1909 
514 280 1041 115 2170 6 158 1865 
249 250 234 596 2001 
44 20 54 109 424 30 223 251 502 6 204 155 3504 10 30 3505 3412 3506 3507 1308 67 3508 
3509 3510 74 3024 3511 3512 17 3513 
2 273 3514 32 3515 44 958 44 2 585 1164 67 3516 2532 
4 3009 38 157 3489 17 20 114 25 796 539 238 109 3489 6 241 109 2046 229 67 677 2011 290 251 
72 67 35 3504 10 3517 3518 46 204 3519 3520 44 3521 3522 49 334 424 3523 58 303 620 
67 901 58 57 62 109 223 383 997 3524 135 689 17 2194 113 17 288 3525 3412 3526 
2 1881 67 3527 157 1938 
988 1901 2 499 114 551 26 3230 109 67 170 3528 17 3529 23 3416 67 1437 6 32 1254 442 3530 44 32 3531 3532 3128 67 3533 17 1516 32 1920 538 2108 
23 3534 383 3535 17 2419 1755 182 6 1188 17 750 6 197 170 
3536 49 2 
3537 721 3460 884 
71 87 1230 20 416 6 239 16 73 2 1802 
20 310 204 74 209 71 4 1047 1049 1502 378 67 794 
795 
2 
1267 179 1492 1267 64 3538 16 
34 415 301 3539 211 16 3540 109 67 1605 3541 17 11 503 276 279 54 80 6 2649 16 482 82 3542 153 316 887 6 450 3543 
163 459 87 2 1017 6 316 20 39 3544 20 2173 289 6 158 3401 17 153 788 846 1425 57 2022 3545 316 234 57 67 3518 42 
696 3112 198 58 6 3546 3547 157 67 626 223 131 276 204 354 3548 3048 2 988 11 409 
756 141 6 1204 1083 334 274 723 17 275 6 3366 3549 3550 3331 870 17 3480 48 30 67 3551 
1419 182 6 3552 6 3509 6 3553 
3554 182 6 3555 849 182 109 3556 6 3557 3558 82 3559 
316 3560 57 398 818 3561 696 1131 17 276 1210 67 3112 209 2137 67 816 71 251 113 204 163 3562 163 1267 73 334 3563 
34 684 412 32 3564 3383 211 234 114 100 71 322 198 105 696 718 58 6 1301 689 44 106 3565 157 197 3566 2196 17 44 32 1222 1564 67 287 276 148 6 1298 67 3567 
316 234 57 276 20 179 312 0 1433 3568 
3460 1623 497 552 229 106 3569 3570 30 67 968 667 553 755 17 422 67 1437 44 3571 44 64 51 3572 109 100 
2 1691 127 67 2620 1605 
301 16 794 
795 
2 
862 2 49 
2 981 6 737 6 475 
32 
1907 
498 
0 153 637 

