17 36 1938 2 2348 11 409 58 57 157 155 3193 2586 167 127 6 16 6 452 127 80 272 422 483 17 7 6 288 32 208 718 229 67 699 1425 3573 3020 
23 3574 3185 3575 105 67 2900 15 16 229 197 2115 1102 3118 3576 17 32 3367 30 1476 3577 109 67 3578 25 197 1743 
838 16 32 3579 2 3580 
123 2 65 6 316 11 3581 3582 
459 57 3583 23 585 900 30 39 6 1419 16 483 6 32 3584 3585 291 2 39 3586 1385 
67 3587 796 151 3588 679 6 3589 57 103 58 882 17 57 1201 61 419 100 
36 204 293 17 1277 57 2 566 204 1076 67 842 
23 147 863 
1493 23 949 127 3590 662 290 6 67 2105 17 465 1188 261 383 208 1639 3591 
3592 109 158 957 23 49 
476 6 239 20 105 816 2 220 239 757 303 23 961 1105 
2 220 1277 6 204 3421 17 2 54 57 67 762 449 109 67 170 900 4 425 71 32 3593 557 2 220 1277 2 220 135 238 71 4 1201 34 2 900 57 272 84 58 128 30 2127 3594 3595 585 114 3318 127 270 44 3596 44 9 
44 2 77 234 64 2064 26 428 3597 2 49 
1074 100 64 2064 3423 109 206 
64 1691 127 32 490 30 568 867 17 292 182 32 208 500 109 497 3598 1506 
64 2064 36 375 105 344 17 1453 17 3599 157 497 1201 3600 64 39 32 195 30 1336 
64 1193 32 208 424 17 64 1193 32 503 6 114 32 208 424 
64 1002 114 115 2507 109 128 30 129 3601 3524 80 67 413 288 74 67 81 17 67 238 1210 3602 552 17 47 1185 
2 570 32 2079 1431 
2 51 2683 11 445 3603 
2 509 87 3604 30 3605 974 123 64 3207 127 229 3606 
2 332 30 3607 17 3608 3609 1925 17 3610 684 17 3611 
3193 63 67 903 287 441 3612 16 38 39 128 2301 104 84 585 781 6 11 792 1166 3073 157 106 3613 
316 16 73 9 593 595 1938 24 
2 220 301 74 67 3614 73 234 17 9 333 
1334 6 16 3615 57 3616 16 64 39 67 2444 2042 51 32 29 30 3617 105 25 2510 
272 39 136 29 30 3618 73 100 866 263 1902 
167 898 157 16 6 204 259 2 224 
595 39 32 1130 3619 25 2510 17 310 114 51 32 3620 421 
272 2064 36 375 3621 71 229 428 149 571 
3622 1222 101 960 378 3623 57 58 
64 141 540 2411 3624 48 361 67 631 3112 1052 497 718 965 32 503 51 32 3625 229 497 12 17 3626 67 340 44 32 341 342 217 23 337 48 105 234 
67 340 2170 234 6 710 
711 
712 
81 17 1054 234 6 67 110 
64 1770 135 32 979 23 961 2258 497 12 135 57 
316 16 738 73 197 
58 23 1341 2 332 32 423 424 
2 220 645 54 2 49 3033 
2 240 509 
23 39 2739 6 16 423 217 2 39 2739 6 197 
23 51 32 3104 105 197 422 1369 17 32 3627 10 30 545 123 23 39 565 1724 30 16 
2 409 23 141 534 30 3628 109 336 17 481 100 48 105 16 
26 3419 2 553 11 421 3629 
2680 428 149 105 32 631 3630 
23 49 23 147 416 26 291 551 585 210 182 
2 39 947 620 6 1229 197 
295 123 551 585 210 182 23 147 416 182 
78 319 2 1122 197 
1230 23 47 20 1757 30 55 303 84 412 6 204 1757 23 392 16 3631 71 100 39 3632 6 204 144 197 
2 240 509 87 514 250 123 2 141 3633 3634 3635 1298 290 425 25 74 82 3636 3637 290 425 
1938 1330 
57 2670 2491 23 268 
153 1210 9 128 3451 
28 593 595 17 272 459 1427 361 128 
67 373 58 80 288 551 200 322 38 1179 239 20 576 3622 56 
2 1686 48 426 1732 904 3638 3639 17 3640 593 594 
595 290 17 290 1385 105 67 289 30 106 3641 
23 18 100 1778 
72 163 3642 23 268 17 167 425 135 426 601 
900 2 585 301 32 577 3643 105 100 1179 7 2 1224 
202 123 2 301 6 67 170 153 3644 32 577 105 67 3645 83 25 887 
20 1807 100 109 157 3646 17 520 239 34 100 3647 
23 553 197 421 
163 2818 34 2 65 57 445 286 551 54 3648 114 67 32 
795 
32 
247 217 20 157 3649 
46 20 900 30 270 1556 303 3048 20 200 6 887 17 239 333 109 712 
837 
837 
17 1972 197 6 3650 11 601 
82 637 
20 46 200 17 237 6 197 17 1258 305 23 3651 197 3652 6 241 197 3653 127 
20 46 250 48 305 1573 136 2116 73 3654 
20 46 1972 34 23 136 3488 57 3655 3656 58 32 766 3657 265 3658 1460 17 305 23 136 3659 3660 3661 3662 
72 620 23 1314 
71 1666 2 5 6 301 6 887 17 288 74 1083 306 626 3253 2 49 20 17 2 46 3554 14 105 32 206 3663 3664 103 3665 215 4 104 3666 378 67 3667 20 46 577 105 333 
239 34 4 303 209 
23 666 
72 128 10 
87 46 551 2077 127 67 170 58 3668 127 109 3327 81 17 57 359 163 40 157 2953 3357 
20 301 87 64 359 67 3329 17 415 316 16 57 67 3669 810 58 38 6 8 
2 3214 67 1131 
316 20 87 1938 2 3 
50 115 3203 9 290 
67 3518 5 6 1814 9 345 
87 2 2427 105 67 560 1555 57 1061 46 1672 48 354 1188 
67 3670 86 105 184 334 2675 71 1433 30 67 3671 2456 86 102 57 100 276 452 322 3672 1125 6 383 263 6 1132 127 3673 568 3674 3675 30 2529 
9 2181 542 276 288 67 3676 17 67 223 276 204 290 378 3677 482 
225 32 40 157 272 459 6 47 1625 383 82 539 186 
23 112 3678 
199 225 2243 3679 2 1224 
74 3680 127 378 67 3681 
334 3307 3682 3683 32 3684 105 2243 17 592 57 251 2064 26 6 204 51 
225 3685 17 3686 2 3687 
67 3688 5 6 204 2855 
225 32 3689 31 304 44 876 
1678 3690 17 520 204 625 
304 23 268 34 20 416 6 1678 190 17 46 301 3549 361 3691 82 67 3692 
71 251 86 3693 3694 3695 109 3686 17 3685 17 20 78 3579 361 67 3112 1166 447 25 887 
199 73 3696 2 1701 
551 46 3311 696 223 3304 17 3323 109 103 975 157 3697 3698 
319 1847 3699 82 1912 
837 
1844 
1938 3416 67 1437 17 3700 11 421 3701 
3389 23 961 167 1651 2648 157 20 17 426 3702 2 54 11 10 144 67 166 
788 483 704 3335 291 67 3677 206 1034 1134 48 
167 74 625 157 32 1130 3703 123 67 3704 3705 17 32 195 30 3706 86 5 6 204 603 
20 46 3311 572 30 55 71 249 114 6 637 157 57 
34 20 113 200 109 157 3707 7 67 3708 82 67 3709 
2953 3357 502 100 2110 36 57 67 35 10 20 46 47 571 48 30 67 3710 58 6 204 32 3515 82 32 3711 
71 57 266 47 2531 2 111 
109 26 632 17 25 26 424 1126 3712 105 87 58 5 6 1192 58 3157 32 3713 
199 73 3714 155 30 67 223 3715 572 23 553 197 421 
20 637 790 320 115 6 887 
155 30 67 3421 2456 14 251 310 54 67 1342 
1247 100 276 204 3716 34 415 46 35 301 3154 30 3717 
2461 100 276 204 3718 3719 71 72 5 6 204 32 3720 3721 
1221 67 3722 276 204 894 157 20 36 757 267 3723 30 3724 583 2 3358 197 199 109 876 404 2 5 6 301 155 3702 199 137 272 576 3020 25 67 188 189 1221 23 112 
64 502 539 82 923 2767 3725 
67 128 64 3659 157 3726 1610 3727 58 300 2262 2015 
837 
459 
1179 239 20 7 6 3271 57 
77 64 3728 74 497 1004 17 3729 32 538 2154 1493 30 32 3730 290 67 2 
2 65 57 32 274 1296 291 23 553 197 421 
251 207 32 3731 109 398 818 84 273 450 32 577 229 57 105 100 
1179 239 64 2262 497 56 6 103 144 38 
239 34 20 78 673 100 
23 3732 1049 32 3367 30 2731 17 3033 512 127 229 32 673 30 67 792 30 3733 378 276 3734 
272 332 9 441 204 208 157 16 23 99 
38 100 58 157 988 1938 1901 229 67 3735 30 2015 
837 
459 
64 39 135 3736 30 3737 292 234 32 3738 
64 819 57 157 16 3739 217 3648 115 1384 3740 188 2377 25 106 171 3321 3741 
7 100 
2 65 67 588 1385 71 67 471 39 62 766 265 11 3742 3743 
9 424 100 615 135 87 100 3110 3744 3649 
876 2 2408 50 584 141 6 288 787 265 57 
199 73 11 3745 100 555 204 1961 23 174 16 199 575 100 58 6 896 32 588 72 115 3746 
167 103 73 67 3747 30 67 3748 17 67 3749 30 67 3639 
163 383 3750 86 3751 3752 17 72 757 32 3745 3753 277 1042 
415 141 3754 131 896 100 
520 1666 2 5 6 301 155 3702 2 1701 
2 78 618 105 3622 887 3755 67 3339 86 251 207 149 251 1221 
17 34 2 7 6 618 105 459 3756 153 250 212 109 67 3757 
23 141 127 17 465 1188 1625 3758 30 3591 
2 141 100 23 313 
100 146 204 428 177 157 20 71 167 787 265 3759 
20 910 249 1318 16 155 876 3389 2 141 163 3760 82 3761 109 67 3756 17 32 274 3762 109 3324 
163 9 58 787 
300 1672 48 158 699 17 2870 158 331 
100 3763 135 3764 
2 833 289 109 67 121 330 11 331 17 3765 11 209 699 109 1536 30 16 3344 3766 
2 280 197 3767 361 67 2111 
123 23 512 289 197 877 3763 3768 44 23 1604 9 58 100 3389 
241 129 331 2870 251 39 32 2735 3769 3770 2137 67 3771 30 11 1905 295 11 209 699 39 1660 724 17 3772 
2 1365 11 331 6 239 1938 1904 32 3773 3774 3775 109 197 699 17 2309 25 16 2893 44 67 3776 3777 322 11 3778 
272 23 3779 17 2977 14 109 67 1535 
2 614 3201 67 3780 322 11 3781 17 3782 100 144 11 3783 1905 
3784 1651 20 2 2408 
4 439 3389 23 1604 
2 147 416 6 440 20 
100 132 67 35 10 20 1201 947 2 401 3785 25 197 
288 20 3786 20 3787 229 57 3775 109 158 699 17 566 114 3788 106 3789 163 1230 2 23 3790 127 614 17 615 144 
3791 2 486 1080 
137 100 440 149 303 2249 
758 67 1130 875 198 20 393 135 272 23 3 
64 240 141 1035 575 
781 20 1130 3792 34 320 3788 158 1905 20 141 6 114 32 3793 17 34 20 141 32 3793 105 158 209 699 158 3750 5 6 204 3596 
74 20 148 288 58 3794 100 17 2 82 128 30 67 449 276 2002 100 17 67 83 276 1127 100 17 249 301 67 3702 
2 332 57 128 290 
320 141 103 109 158 421 872 129 1130 2431 331 2 224 
198 34 20 35 114 155 3795 17 3796 520 239 34 2 46 3797 483 3798 
23 1045 
3799 67 334 286 249 301 23 49 
251 203 6 204 103 109 67 3800 3152 
3791 23 873 
2 1182 153 114 6 301 20 3801 17 1734 20 109 67 307 300 135 32 3389 
3802 57 103 199 73 155 1808 2 1701 
20 49 103 73 32 2078 289 25 67 170 17 74 320 874 16 58 527 17 3266 
20 301 105 229 158 854 17 211 16 7 6 2121 11 699 
2 532 361 67 2111 3803 155 3804 17 32 1506 30 3805 3806 
173 67 3747 30 3776 51 3807 2 3034 6 3808 212 2250 157 67 3809 30 3810 272 459 588 
319 272 1938 1660 1345 25 67 2111 435 229 106 3811 30 2078 461 197 
50 300 2849 48 103 
34 20 2306 272 71 32 3812 322 67 1140 167 303 1759 157 20 6 239 16 109 11 1102 
101 3813 748 241 3078 105 790 217 1750 2 49 
2 146 681 105 3814 
4 2855 
23 112 
20 304 46 47 135 272 23 3815 
550 67 3816 1721 
