520 251 100 58 498 2 933 11 3817 
988 1901 2032 16 11 12 266 17 2 220 1557 20 6 
71 34 28 1299 2 46 3818 4 593 595 26 1978 30 3819 
67 797 1623 497 552 17 1816 3820 25 67 3821 215 1938 1624 234 32 398 3619 30 3435 17 3822 3823 
475 
459 64 49 25 334 
4 1384 158 789 109 158 3824 988 1901 3825 2323 100 3826 167 303 157 16 6 530 20 32 3827 
220 20 3828 1938 2059 234 
303 215 4 144 797 82 163 797 
319 87 288 67 1704 32 
1907 
681 157 109 158 56 3829 3830 87 288 20 900 3831 3832 30 55 
163 475 
459 2 146 530 20 32 3827 557 6 316 67 842 4 303 304 57 20 86 
2762 30 3833 306 114 515 109 9 223 
9 566 114 515 
71 2 78 288 270 73 100 
78 20 25 796 577 105 67 595 3749 2 499 
498 553 497 421 
91 2 585 288 26 3834 514 114 6 2173 11 3835 6 67 2031 
34 2 39 499 157 32 2586 514 114 6 899 57 2 51 3836 157 3203 57 495 3622 3837 67 794 
795 
2 
502 240 3838 32 3839 105 3840 115 2026 322 67 1140 1127 361 966 3841 17 58 198 759 3047 109 67 2434 30 774 837 
459 3842 3275 
57 2173 322 16 441 200 322 11 2031 209 127 6 1907 
1931 1932 67 3843 67 2058 3844 30 1988 67 3152 17 3845 721 
198 273 57 21 177 105 11 1893 273 57 300 973 16 209 109 3846 157 3847 204 1315 20 383 
4 303 102 2 220 1229 9 3848 71 100 441 204 3157 11 718 6 807 135 2 3442 638 2 141 32 12 17 539 3419 109 3420 163 3212 
1938 3574 3185 157 32 274 782 3831 3832 498 23 544 
20 622 49 270 73 9 3849 2444 3460 2 1314 
20 585 288 103 73 234 1166 1952 73 16 17 11 792 
3460 498 3850 497 2927 
5 217 234 441 3851 16 30 67 424 551 2274 67 3852 30 2020 3853 229 32 997 3854 3855 3856 
3460 58 74 64 579 64 58 17 2220 86 48 303 6 2046 234 
199 288 20 900 551 203 6 1298 9 223 1221 3857 87 73 57 997 3854 3856 1938 1701 2290 
3858 322 67 722 3859 67 179 2020 1183 3686 17 20 3860 1627 1761 17 67 3461 1938 3861 17 157 67 3862 424 153 899 57 11 3863 56 39 3864 17 11 3865 56 39 3866 36 415 3867 3078 2410 135 3868 82 3869 71 167 74 128 97 
163 3870 
36 251 2 1075 182 6 301 290 184 3871 3872 17 231 289 6 67 318 30 67 3856 
520 475 
459 498 99 
167 9 10 
127 109 67 3873 551 114 32 1908 10 30 854 3856 
74 20 148 58 32 3856 32 3874 32 3875 2427 17 32 297 30 3876 
445 20 1018 158 3856 
72 2811 1944 
20 3877 234 17 20 3878 234 17 3879 234 127 135 32 3880 
295 20 3881 234 127 44 958 44 20 46 2079 2519 32 3874 300 1402 67 3882 17 1307 234 109 36 64 146 849 
295 20 2595 32 3883 381 1855 234 2519 67 3884 
67 381 29 30 3885 67 3856 135 32 3886 3887 3888 483 67 3889 17 3890 67 3891 
67 3882 300 3892 3893 14 105 67 3856 3894 215 1573 854 
300 73 67 424 67 2803 3895 6 3896 2 1002 114 99 20 2427 483 67 3897 300 1482 67 3882 36 67 3889 46 301 1042 322 67 357 17 67 179 3884 276 618 135 32 3898 625 32 3899 6 32 297 30 3876 1147 100 109 67 381 17 213 135 876 
520 489 67 3876 2024 483 17 300 3892 3900 67 179 3901 3856 48 67 3884 135 32 3902 
295 20 3168 100 127 3903 100 289 6 67 3904 3836 17 2 316 20 475 
459 167 2811 2128 3905 
198 9 424 551 3906 2274 67 3852 30 2020 3853 64 39 548 32 3720 3907 290 25 67 179 259 3836 17 2 900 2 301 67 1856 498 2 49 3908 109 105 234 2533 
551 1230 1341 149 67 3909 286 229 3389 3910 17 3911 109 67 1140 
123 551 101 217 708 3912 67 3913 2645 163 1814 30 3389 3914 2 409 
36 3648 3168 3078 127 109 32 3915 1132 182 2071 182 229 3916 3911 17 297 182 109 67 3917 3918 
295 3648 2046 483 32 3919 3920 461 3078 
3910 86 3892 3921 36 415 532 48 67 3922 135 32 3923 3924 
67 3925 3926 30 67 3927 303 35 3928 67 1225 71 3929 67 3911 
57 3930 48 625 127 2216 3931 17 3919 3932 
295 3648 1419 32 3933 48 6 3168 3078 127 17 114 3078 109 1243 
2266 229 3934 3935 415 101 3936 
128 424 123 551 101 3937 3938 67 3939 30 163 
3940 3941 1420 551 51 32 1225 109 67 2778 3081 17 3942 100 25 32 708 690 
100 2274 2 46 239 1938 24 57 50 115 3943 32 195 30 1336 38 109 398 818 63 153 240 1046 67 424 551 472 551 592 32 640 3944 109 32 1180 3945 25 67 3946 84 109 876 46 57 204 67 3947 1765 3948 
498 615 32 538 3949 
2 332 100 566 1301 32 195 30 424 17 255 64 49 34 2 499 982 
459 6 927 1188 38 
2 174 197 57 988 1901 39 32 496 30 3950 555 787 200 109 67 762 1437 17 973 105 1456 3951 20 220 148 103 738 1508 3952 265 129 6 267 475 
459 
72 300 3953 498 2 268 
1230 20 516 239 32 12 84 611 896 32 3954 25 32 574 3955 3956 105 32 257 17 1302 335 78 319 2 1230 67 1908 1909 224 71 50 240 51 71 128 12 17 1573 2006 229 67 3419 
251 39 32 1747 105 67 435 17 498 1365 100 229 32 3957 1033 
231 209 109 982 
459 64 49 
11 496 988 1901 58 109 67 762 1437 17 276 204 48 109 32 977 
475 
459 17 2 9 49 390 58 982 
152 
217 272 147 1079 127 157 32 490 30 3958 551 973 696 3959 2410 17 338 57 383 585 267 44 3960 44 128 
36 123 2 141 158 3961 2 300 1424 151 17 38 551 86 
749 272 58 9 1625 30 158 3962 1042 322 500 151 152 615 1341 149 67 10 32 3963 3856 109 32 3874 566 204 2476 6 486 215 894 157 67 3876 6 2320 117 2128 3964 17 303 1390 32 1651 305 23 2274 67 3852 30 67 179 2020 1183 
749 272 23 24 909 
9 1625 30 158 3965 775 2 1996 57 1938 49 322 67 1551 
9 58 11 504 17 2 147 3966 20 17 153 114 20 54 57 4 32 117 3967 406 3968 503 
67 1527 30 3969 39 35 743 3970 378 67 901 57 44 23 3474 32 3758 30 1161 3971 2981 71 3972 3624 1402 67 3973 30 197 783 17 1532 109 32 3974 25 197 2298 
1938 615 14 
748 876 449 23 49 758 67 1204 114 32 552 1627 20 988 1901 390 3 
2 276 
47 628 3451 527 17 67 3909 157 982 
152 
86 20 378 26 40 3975 109 11 1713 170 4 497 1943 1938 224 
272 1 464 105 16 229 32 2369 135 129 3976 109 3977 2087 131 1283 378 106 1518 957 17 20 3978 57 20 51 425 6 288 229 67 3979 
2 39 947 620 6 1229 20 
25 67 424 883 2 99 3980 2 147 54 100 212 
498 512 3981 6 11 3982 
91 20 3013 6 26 3014 982 
459 64 1075 2 900 2 203 6 899 57 2 1521 67 794 
795 
2 
17 57 475 
459 512 38 1414 25 11 3983 
158 1068 3984 6 204 109 117 1563 255 1049 67 828 807 
2 3985 404 3986 57 225 115 32 3987 17 57 1425 845 71 11 3988 58 30 163 1319 3048 2 46 250 2983 6 3989 100 
758 64 804 151 152 499 1692 
276 64 200 6 3990 3991 982 
152 498 3 4 303 2911 6 3992 67 2230 30 67 3993 354 234 
163 3994 3995 502 115 3996 17 34 20 46 145 16 639 276 204 392 
67 1944 286 58 6 54 80 64 39 17 87 64 39 90 322 67 3997 30 861 291 67 1430 30 1861 
757 67 3997 30 861 11 12 1701 
64 39 229 16 25 298 299 1433 30 57 424 
2 17 67 1364 25 67 59 1344 46 3162 6 57 
2 220 900 64 532 6 67 170 149 57 3253 
100 39 95 3253 
64 17 2 532 6 1874 
982 
459 64 49 20 86 32 1194 17 3998 3280 
167 300 428 1219 57 128 30 696 3482 502 1047 3999 67 4000 503 84 4001 57 475 
459 147 231 500 173 74 57 3253 
390 4002 289 109 197 121 17 615 25 16 229 106 2216 30 4003 4004 
272 23 1075 200 1719 17 316 234 80 20 101 
4 158 12 17 2 220 2118 87 4005 20 101 127 6 82 87 408 20 101 229 300 36 415 220 1419 20 6 4006 
2 667 25 197 
1 2 3 2 838 20 11 97 2 584 220 77 
2 220 54 80 2 39 
44 2 174 20 67 762 482 50 517 32 519 44 6 87 515 91 334 480 93 
982 
152 481 785 30 67 977 30 4007 2043 131 1617 9 4008 
220 7 6 204 4009 272 23 1075 16 
551 448 4010 6 4011 100 1 71 272 4012 57 3253 229 16 
64 4013 32 504 157 16 2076 475 
498 73 1124 723 2691 17 551 973 109 32 903 3253 2410 
2 4014 20 900 4 32 4015 408 71 498 615 645 2423 4016 
2 1236 288 303 416 6 4017 32 3280 64 174 197 71 67 1911 659 127 105 57 3825 92 
67 4018 17 67 4019 408 261 1186 57 391 157 334 480 93 17 591 123 20 101 251 378 948 4020 20 4021 475 
459 51 115 45 67 632 157 25 796 383 723 
67 1116 4022 17 67 4023 4024 448 115 1311 17 67 1808 109 67 4025 39 4026 
251 51 115 163 4027 
748 4028 151 30 74 67 4029 4030 67 4031 25 223 982 
152 67 1908 1909 3 
17 215 4 25 100 2 566 44 520 1301 988 1901 67 255 30 1076 16 57 475 
459 4012 57 3253 38 229 197 
64 1230 303 
756 659 9 3825 59 1433 1795 44 520 44 475 
459 170 
757 57 1572 3253 2 499 
498 464 6 16 4032 
109 2609 30 158 2795 4033 6 16 64 1335 4 304 20 276 1062 9 4034 
32 2918 2387 1230 303 4035 322 32 2918 1827 291 67 4036 30 861 
32 2918 4037 39 303 4038 105 816 57 2387 291 217 23 51 4039 
91 295 67 4040 84 1399 67 4037 6 67 2387 51 163 3712 131 2387 51 115 4041 
91 295 1061 105 57 2387 51 26 3712 57 26 4037 441 204 1399 105 816 17 51 163 3712 30 67 2230 30 167 4042 
1198 4043 101 392 113 114 115 392 4044 67 3376 274 275 
57 25 26 27 58 67 1939 4045 67 1911 502 4046 
114 20 163 875 30 80 20 566 114 115 109 57 2457 475 
459 2 1967 11 421 109 11 755 17 332 289 6 57 4047 307 1656 275 91 123 67 560 1686 48 30 4048 340 4049 17 4050 2020 540 4051 393 157 4052 17 67 4053 30 4054 1508 4055 
2 2557 199 44 551 750 4056 4057 6 67 4058 2177 25 4059 32 4060 51 973 48 231 4061 17 973 32 4062 4063 2229 1188 
2 2557 67 4064 64 1541 105 67 4065 215 551 392 32 4066 157 67 4060 17 4067 32 664 4068 105 816 17 199 100 39 2800 1402 4069 229 32 2287 4070 
295 2 332 30 67 213 48 2168 371 3886 2186 17 2169 696 1579 108 4071 540 67 4072 4073 30 67 1140 215 67 3883 110 2117 4074 354 696 1827 1024 17 67 2363 4075 17 2387 553 17 67 2271 2272 4076 2137 67 2268 
17 2 2557 57 334 335 109 67 1243 123 4077 4078 4079 4080 57 64 163 475 
498 2 174 234 4 2033 57 67 306 2 77 273 145 1066 30 1188 
20 200 1719 17 239 87 20 46 250 48 73 16 17 36 276 2 
272 390 49 4081 
316 234 80 20 101 883 
167 163 1204 4082 57 20 220 77 
2 54 57 20 46 899 
2 54 225 425 565 882 
1938 337 2137 17 973 197 699 105 1246 2358 
555 787 114 1625 552 982 
459 23 24 17 36 51 2 
9 29 30 286 58 4083 6 452 
151 615 127 4084 25 498 
34 272 146 145 3020 2 276 23 49 
153 250 48 87 67 1130 826 39 90 17 123 2 4085 48 231 105 1 2 174 11 12 
1179 200 500 
50 51 73 44 149 30 9 44 2 46 681 
498 20 54 80 20 46 2649 16 34 20 301 67 97 322 887 
109 67 1078 757 220 20 431 127 57 3460 3749 72 67 1979 1248 50 4086 
498 1623 497 3435 
475 
459 64 961 28 645 209 71 251 207 32 1875 286 2 46 288 73 100 
756 51 4087 2220 6 788 483 57 2444 17 229 67 1911 2220 58 2220 

